103
38 177 258 229
51 176 389 370
52 170 458 2
52 171 458 3
60 107 247 542
131 152 31 176
136 168 183 399
143 99 392 55
150 102 343 302
199 71 166 421
208 81 215 310
224 84 216 301
247 127 341 97
248 131 236 230
251 183 138 199
261 168 375 390
264 103 289 512
296 74 343 302
299 165 289 348
300 165 289 348
301 241 183 399
305 109 31 160
305 119 360 24
306 237 4 152
311 179 253 326
321 123 360 22
323 39 356 286
328 47 289 512
289 32 417 635
19 147 256 251
22 67 360 636
22 156 405 408
57 108 218 322
60 59 353 398
60 112 220 324
73 56 225 307
81 116 37 196
86 28 31 160
128 164 255 327
128 166 255 327
129 132 396 53
140 140 261 338
153 132 268 334
156 83 270 308
158 160 271 348
182 156 338 234
184 104 284 319
185 104 284 319
188 76 287 305
190 100 287 317
203 123 295 329
208 97 7 163
208 115 297 324
225 121 388 623
227 140 307 339
243 80 360 636
244 102 166 197
246 164 318 351
246 166 318 351
256 140 323 338
260 168 375 390
265 140 328 338
267 113 328 322
267 185 329 361
294 163 344 366
296 179 344 366
299 64 345 298
304 216 330 590
310 139 352 337
310 155 353 369
312 84 89 437
313 38 238 413
313 84 382 98
337 129 366 332
337 177 135 339
25 171 201 354
254 174 322 355
300 9 194 432
336 80 338 153
12 117 194 327
46 168 171 415
51 69 213 352
56 189 217 363
61 151 219 345
84 110 37 196
128 156 254 346
204 79 295 306
204 112 296 324
207 84 296 309
207 112 296 324
220 125 304 329
266 102 185 281
320 43 356 286
320 186 141 371
28 74 312 314
133 161 256 327
61 151 219 345
122 159 253 326
147 135 360 22
163 126 4 152
221 151 305 339
258 155 365 312
258 159 365 312
