31 31
213 213
218 218
235 235
282 282
438 438
178 178
319 319
322 322
465 465
580 580
593 593
381 381
540 540
190 190
278 278
510 510
488 488
548 548
573 573
430 430
464 464
30 30
366 366
573 573
17 17
606 606
133 133
178 178
323 323
334 334
467 467
574 574
119 119
360 360
132 132
352 352
586 586
107 107
129 129
236 236
369 369
578 578
492 492
609 609
623 623
453 453
160 160
213 213
483 483
488 488
309 309
310 310
526 526
492 492
622 622
623 623
134 134
220 220
392 392
523 523
546 546
575 575
636 636
64 64
620 620
336 336
348 348
407 407
635 635
242 242
624 624
202 202
481 481
515 515
51 51
71 71
277 277
330 330
343 343
478 478
629 629
486 486
341 341
561 561
177 177
493 493
503 503
626 626
602 602
620 620
182 182
519 519
107 107
308 308
499 499
308 308
570 570
195 195
252 252
117 117
537 537
276 276
540 540
498 498
586 586
115 115
380 380
391 391
559 559
625 625
447 447
589 589
633 633
453 453
50 50
597 597
400 400
519 519
539 539
612 612
277 277
89 89
91 91
578 578
51 51
581 581
607 607
51 51
629 629
406 406
414 414
541 541
542 542
488 488
67 67
232 232
616 616
554 554
272 272
257 257
272 272
57 57
516 516
543 543
273 273
581 581
440 440
100 100
403 403
211 211
332 332
636 636
544 544
622 622
427 427
428 428
270 270
468 468
578 578
626 626
551 551
121 121
212 212
427 427
142 142
618 618
104 104
413 413
141 141
507 507
130 130
97 97
353 353
530 530
568 568
602 602
403 403
449 449
618 618
413 413
414 414
52 52
444 444
352 352
592 592
493 493
564 564
565 565
13 13
402 402
600 600
269 269
594 594
7 7
402 402
594 594
25 25
559 559
175 175
552 552
165 165
59 59
101 101
564 564
512 512
530 530
177 177
417 417
41 41
103 103
330 330
581 581
610 610
611 611
71 71
479 479
120 120
421 421
62 62
362 362
120 120
440 440
238 238
280 280
413 413
336 336
9 9
191 191
458 458
578 578
42 42
168 168
174 174
423 423
452 452
453 453
629 629
104 104
312 312
459 459
488 488
609 609
86 86
611 611
56 56
421 421
51 51
442 442
203 203
91 91
2 2
69 69
233 233
501 501
55 55
497 497
524 524
532 532
533 533
614 614
216 216
81 81
120 120
136 136
11 11
308 308
612 612
261 261
618 618
354 354
388 388
588 588
210 210
245 245
213 213
445 445
486 486
512 512
619 619
21 21
214 214
623 623
267 267
377 377
468 468
350 350
93 93
168 168
271 271
115 115
443 443
582 582
614 614
193 193
374 374
626 626
24 24
261 261
372 372
380 380
229 229
365 365
10 10
398 398
393 393
437 437
215 215
458 458
371 371
376 376
389 389
5 5
352 352
387 387
428 428
66 66
632 632
6 6
425 425
580 580
482 482
19 19
236 236
179 179
376 376
571 571
106 106
237 237
149 149
49 49
446 446
368 368
56 56
209 209
291 291
371 371
366 366
532 532
605 605
420 420
434 434
26 26
118 118
119 119
353 353
420 420
383 383
389 389
153 153
564 564
399 399
449 449
458 458
376 376
434 434
387 387
331 331
333 333
335 335
337 337
339 339
341 341
575 575
235 235
578 578
184 184
292 292
307 307
399 399
6 6
483 483
97 97
231 231
391 391
378 378
492 492
474 474
289 289
47 47
551 551
101 101
30 30
307 307
329 329
464 464
465 465
65 65
171 171
160 160
611 611
618 618
355 355
189 189
190 190
224 224
225 225
227 227
348 348
234 234
348 348
7 7
8 8
173 173
348 348
355 355
348 348
165 165
166 166
167 167
257 257
262 262
264 264
335 335
348 348
591 591
596 596
612 612
162 162
348 348
41 41
197 197
189 189
335 335
531 531
532 532
327 327
440 440
241 241
550 550
56 56
163 163
209 209
334 334
47 47
241 241
108 108
323 323
240 240
222 222
296 296
400 400
112 112
326 326
508 508
630 630
576 576
21 21
379 379
2 2
267 267
4 4
5 5
170 170
563 563
60 60
58 58
500 500
254 254
366 366
506 506
56 56
17 17
147 147
446 446
538 538
361 361
415 415
143 143
274 274
170 170
192 192
297 297
20 20
144 144
330 330
59 59
372 372
451 451
452 452
349 349
378 378
464 464
64 64
432 432
508 508
39 39
139 139
139 139
572 572
119 119
139 139
354 354
173 173
625 625
120 120
174 174
492 492
14 14
118 118
552 552
149 149
636 636
24 24
422 422
174 174
637 637
419 419
421 421
620 620
637 637
390 390
537 537
637 637
590 590
637 637
236 236
403 403
467 467
637 637
637 637
175 175
372 372
523 523
295 295
306 306
523 523
21 21
399 399
406 406
480 480
205 205
238 238
313 313
201 201
30 30
549 549
57 57
99 99
348 348
57 57
83 83
141 141
602 602
14 14
187 187
304 304
14 14
133 133
231 231
207 207
222 222
461 461
496 496
13 13
187 187
411 411
486 486
635 635
495 495
13 13
20 20
574 574
132 132
479 479
13 13
580 580
113 113
483 483
18 18
140 140
608 608
145 145
12 12
145 145
579 579
37 37
188 188
534 534
224 224
251 251
21 21
369 369
195 195
255 255
141 141
5 5
56 56
637 637
66 66
77 77
123 123
593 593
71 71
9 9
125 125
300 300
637 637
63 63
571 571
9 9
9 9
46 46
588 588
288 288
480 480
482 482
483 483
544 544
627 627
431 431
432 432
36 36
38 38
293 293
514 514
516 516
215 215
228 228
206 206
228 228
588 588
243 243
612 612
556 556
612 612
30 30
171 171
457 457
462 462
618 618
131 131
115 115
348 348
131 131
144 144
463 463
551 551
556 556
262 262
41 41
114 114
345 345
545 545
591 591
127 127
197 197
448 448
543 543
2 2
213 213
313 313
400 400
454 454
497 497
114 114
313 313
454 454
26 26
577 577
208 208
528 528
39 39
55 55
315 315
372 372
25 25
9 9
12 12
18 18
59 59
115 115
262 262
293 293
161 161
194 194
115 115
621 621
64 64
55 55
74 74
305 305
347 347
452 452
337 337
362 362
529 529
355 355
470 470
590 590
156 156
628 628
49 49
51 51
428 428
240 240
246 246
328 328
544 544
559 559
20 20
121 121
285 285
312 312
33 33
293 293
469 469
629 629
234 234
121 121
476 476
508 508
609 609
623 623
394 394
591 591
232 232
344 344
432 432
46 46
419 419
348 348
346 346
397 397
49 49
58 58
72 72
79 79
270 270
559 559
135 135
286 286
416 416
604 604
477 477
221 221
550 550
630 630
624 624
37 37
185 185
222 222
255 255
491 491
605 605
606 606
125 125
434 434
255 255
298 298
370 370
34 34
36 36
410 410
421 421
531 531
546 546
103 103
104 104
234 234
531 531
464 464
98 98
269 269
474 474
481 481
243 243
4 4
86 86
315 315
525 525
157 157
352 352
404 404
79 79
215 215
408 408
75 75
344 344
372 372
410 410
415 415
626 626
117 117
223 223
520 520
150 150
188 188
316 316
538 538
538 538
2 2
473 473
480 480
538 538
627 627
224 224
538 538
627 627
121 121
159 159
538 538
627 627
627 627
247 247
538 538
264 264
627 627
27 27
627 627
270 270
388 388
447 447
528 528
628 628
537 537
62 62
468 468
103 103
349 349
185 185
209 209
275 275
24 24
547 547
594 594
628 628
298 298
535 535
87 87
221 221
223 223
343 343
295 295
557 557
564 564
370 370
590 590
187 187
397 397
89 89
256 256
366 366
508 508
