8 66
8 94
8 103
8 321
8 364
8 376
8 432
8 435
8 592
8 614
9 90
9 389
10 66
10 317
10 396
10 425
10 498
10 546
10 547
10 548
11 131
11 466
11 626
12 77
12 384
12 389
12 507
12 626
13 42
13 57
13 370
13 485
13 511
14 77
14 109
14 281
14 282
14 393
14 405
14 406
14 477
14 485
14 496
14 548
14 597
14 625
15 53
15 81
15 86
15 98
15 347
15 492
15 493
15 508
15 594
15 608
16 84
16 129
16 312
16 355
16 368
17 74
17 84
17 95
17 340
17 490
17 491
17 547
18 18
18 36
18 95
18 124
18 133
18 445
18 460
18 465
18 474
18 512
18 554
19 95
19 101
19 539
19 543
20 101
20 336
20 369
20 435
20 589
20 593
20 602
21 14
21 44
21 52
21 114
21 296
21 383
21 404
21 405
21 412
21 462
21 468
21 480
21 579
21 589
22 37
22 134
22 431
22 494
22 567
22 597
22 605
22 606
23 157
23 175
23 299
23 306
23 393
23 449
23 481
23 586
24 109
24 130
24 304
24 327
24 350
24 352
24 354
24 526
24 534
24 548
25 48
25 369
25 420
25 435
25 465
25 466
25 575
25 590
26 22
26 40
26 66
26 182
26 324
26 435
27 12
27 35
27 45
27 71
27 72
27 167
27 337
27 366
27 458
27 550
27 587
27 599
27 604
28 171
28 355
28 366
28 458
28 469
28 607
28 620
28 621
29 181
29 295
29 515
29 602
30 371
30 489
30 549
30 569
30 597
31 42
31 66
31 141
31 212
31 213
31 215
31 458
31 500
31 571
32 42
32 125
32 173
32 188
32 250
32 251
32 252
32 337
33 209
33 210
33 212
33 262
33 395
33 533
34 9
34 51
34 227
34 318
34 320
34 322
34 467
34 575
35 11
35 66
35 70
35 137
35 144
35 311
35 386
35 506
36 22
36 51
36 54
36 96
36 137
36 140
36 315
36 344
36 393
36 593
36 623
36 624
36 625
36 626
37 28
37 62
37 66
37 71
37 109
37 373
37 395
37 512
37 530
37 547
37 555
37 556
37 558
37 560
37 575
38 21
38 52
38 68
38 97
38 98
38 116
38 148
38 162
38 353
38 354
38 450
38 454
38 457
38 458
38 459
38 460
38 461
38 462
38 470
38 494
39 138
39 271
39 273
39 365
39 384
40 8
40 151
40 502
40 510
40 511
40 514
41 10
41 15
41 55
41 74
41 232
41 234
41 237
41 239
41 241
41 243
41 350
41 609
42 62
42 133
42 143
42 202
42 204
42 206
42 213
42 318
42 475
42 507
42 526
42 539
42 540
42 550
43 125
43 171
43 177
43 178
43 187
43 299
43 356
43 375
43 381
43 449
43 498
43 518
43 568
43 578
44 17
44 80
44 149
44 150
44 151
44 152
44 153
44 154
44 367
44 444
44 455
44 568
45 250
45 274
45 510
45 514
45 515
45 521
45 574
46 103
46 238
46 505
47 123
47 128
47 139
47 232
47 341
47 459
47 563
47 564
47 574
48 16
48 112
48 116
48 199
48 330
48 354
48 373
48 399
48 405
48 522
48 561
48 626
49 57
49 160
49 357
49 359
49 426
49 450
49 451
49 561
49 614
50 92
50 149
50 158
50 275
50 331
50 338
50 339
50 362
50 439
50 441
50 577
50 588
51 72
51 84
51 109
51 188
51 354
51 458
51 482
51 485
51 596
51 626
52 80
52 101
52 117
52 447
52 492
52 513
52 517
52 556
52 609
53 80
53 126
53 188
53 239
53 298
53 359
53 436
53 492
53 594
53 626
54 179
54 244
54 265
54 319
54 349
54 363
54 402
54 598
55 110
55 229
55 292
55 346
55 359
55 436
55 457
55 568
56 332
56 368
56 383
56 466
56 528
56 557
56 576
56 615
57 125
57 126
57 205
57 206
57 306
57 341
57 446
57 450
57 451
57 476
57 477
57 544
57 581
57 622
58 38
58 76
58 281
58 309
58 326
58 446
58 457
58 529
58 608
59 98
59 104
59 407
59 410
59 532
59 603
59 611
60 18
60 122
60 272
60 311
60 350
60 363
60 453
60 472
60 499
60 500
60 517
60 526
60 608
60 624
61 193
61 289
61 346
61 370
61 522
61 559
62 127
62 161
62 202
62 306
62 343
62 394
62 436
62 522
62 532
62 533
62 534
62 599
63 60
63 141
63 313
63 503
63 519
63 520
64 16
64 75
64 215
64 354
64 433
64 490
64 564
64 582
65 80
65 97
65 122
65 161
65 220
65 285
65 334
65 564
65 629
66 9
66 105
66 109
66 111
66 164
66 233
66 468
66 548
66 598
66 599
67 34
67 71
67 76
67 224
67 315
67 435
67 475
67 505
67 506
67 556
68 76
68 164
68 166
68 252
68 271
68 357
68 543
68 551
68 576
68 584
68 626
69 9
69 55
69 56
69 83
69 87
69 139
69 235
69 248
69 252
69 306
69 465
69 480
69 495
69 595
69 614
70 97
70 164
70 194
70 231
70 254
70 256
70 286
70 293
70 328
70 451
70 504
70 552
70 618
71 162
71 261
71 266
71 458
71 490
71 502
71 557
71 587
72 211
72 213
72 227
72 252
72 281
72 333
72 629
73 88
73 234
73 237
73 273
74 59
74 147
74 482
74 483
74 610
74 619
75 126
75 211
75 238
75 341
76 79
76 130
76 201
76 278
76 411
76 426
76 481
76 502
76 581
76 594
77 34
77 82
77 83
77 99
77 113
77 146
77 148
77 173
77 243
77 288
77 324
77 364
77 418
77 517
77 565
77 567
77 578
77 579
78 17
78 28
78 50
78 253
78 269
78 283
78 298
78 378
78 502
78 509
78 614
79 24
79 87
79 92
79 264
79 283
79 369
79 604
79 611
80 32
80 44
80 143
80 166
80 237
80 269
80 271
80 332
80 500
81 319
81 357
81 470
81 485
81 578
82 32
82 50
82 116
82 134
82 135
82 136
82 161
82 165
82 206
82 259
82 287
82 288
82 326
82 500
82 504
82 623
83 29
83 168
83 242
83 252
83 310
83 479
83 525
83 562
83 609
84 32
84 133
84 161
84 261
84 265
84 266
84 271
84 318
84 340
84 495
84 498
84 512
84 562
84 574
84 626
85 104
85 138
85 330
85 468
85 495
85 498
85 508
85 562
85 604
85 623
86 32
86 124
86 226
86 227
86 257
86 408
86 459
86 464
87 122
87 521
87 562
87 565
87 615
88 11
88 23
88 111
88 200
88 203
88 267
88 379
88 465
88 562
88 581
89 82
89 106
89 137
89 237
89 284
89 287
89 339
89 404
89 482
89 534
89 545
89 562
90 33
90 113
90 166
90 278
90 509
90 570
91 13
91 14
91 25
91 51
91 118
91 128
91 137
91 138
91 150
91 187
91 339
91 397
91 437
91 454
91 502
91 578
91 595
91 598
91 599
91 610
92 157
92 158
92 170
92 242
92 289
92 321
92 325
92 326
92 339
92 467
92 502
92 505
92 538
93 35
93 68
93 82
93 116
93 132
93 150
93 225
93 226
93 321
93 347
93 414
93 476
93 505
93 517
93 548
93 568
94 14
94 125
94 210
94 294
94 497
94 548
94 595
94 602
94 613
94 614
95 68
95 81
95 166
95 212
95 370
95 477
95 484
95 517
95 579
95 580
95 607
96 68
96 107
96 125
96 170
96 171
96 178
96 212
96 390
96 417
96 448
97 27
97 56
97 83
97 132
97 158
97 199
97 214
97 226
97 339
97 378
97 460
98 22
98 56
98 59
98 93
98 173
98 177
98 292
98 411
98 412
99 30
99 47
99 129
99 180
99 310
100 141
100 145
100 227
100 267
100 280
100 430
101 37
101 79
101 129
101 161
101 162
101 253
101 441
102 94
102 125
102 138
102 157
102 198
102 237
102 292
102 370
102 437
102 570
102 578
102 580
102 584
102 589
103 19
103 193
103 200
103 467
103 472
104 32
104 59
104 294
104 342
104 403
104 504
104 613
105 203
105 219
105 229
105 350
105 420
105 448
105 450
105 468
105 472
105 570
105 586
106 139
106 153
106 158
106 182
106 294
106 345
106 429
106 550
106 552
106 566
106 583
107 127
107 220
107 232
107 234
107 269
107 304
107 335
107 414
107 423
107 436
107 542
107 554
107 566
107 570
107 583
108 60
108 64
108 65
108 66
108 67
108 68
108 69
108 70
108 76
108 78
108 80
108 81
108 82
108 83
108 84
108 85
108 86
108 87
108 88
108 89
108 92
108 298
108 308
108 345
108 356
108 357
108 368
108 414
108 449
108 478
108 491
108 502
108 547
108 548
108 549
108 583
109 55
109 124
109 140
109 160
109 173
109 174
109 232
109 339
109 380
109 385
109 538
109 583
110 157
110 294
110 401
110 407
110 465
110 535
110 589
111 72
111 392
111 527
111 543
111 620
112 34
112 35
112 55
112 119
112 162
112 249
112 354
112 405
112 531
113 9
113 59
113 170
113 187
113 260
113 320
113 450
113 489
113 607
114 62
114 77
114 89
114 149
114 167
114 180
114 231
114 285
114 338
114 392
114 417
114 551
114 570
115 42
115 152
115 250
115 275
115 285
115 299
115 316
115 354
115 356
115 629
116 69
116 173
116 180
116 188
116 207
116 250
116 369
116 414
116 599
117 25
117 133
117 195
117 253
117 369
117 580
118 18
118 25
118 110
118 182
118 222
118 261
118 289
118 304
118 389
118 396
118 419
118 452
119 86
119 234
119 286
119 311
119 352
119 378
119 410
119 426
119 488
119 491
119 497
119 614
119 626
120 264
120 614
121 69
121 119
121 416
121 523
121 617
121 620
121 624
122 229
122 339
122 359
122 518
122 549
122 598
123 42
123 47
123 221
123 288
123 619
123 620
124 175
124 224
124 252
124 338
124 389
124 503
124 523
124 544
124 571
125 19
125 120
125 228
125 229
125 252
125 321
125 372
125 438
125 523
125 609
126 467
126 470
126 471
126 473
126 479
126 480
126 481
126 489
126 492
126 493
126 496
126 497
126 545
127 154
127 169
127 240
127 278
127 332
127 346
127 567
128 204
128 430
129 109
129 110
129 225
129 232
129 255
129 257
129 586
129 590
130 83
130 84
130 160
130 164
130 165
130 167
130 173
130 434
130 443
130 455
130 557
130 558
130 559
130 575
131 63
131 86
131 179
131 180
131 306
131 325
131 403
131 464
131 551
131 583
132 86
132 141
132 156
132 164
132 172
132 203
132 228
132 250
132 262
132 386
132 476
132 514
132 589
133 101
133 146
133 203
133 215
133 287
133 332
133 334
133 370
133 416
133 432
133 434
133 454
133 511
133 569
133 574
134 62
134 85
134 139
134 164
134 228
134 287
134 542
134 547
135 16
135 32
135 170
135 181
135 215
135 236
135 491
135 492
135 530
135 534
135 547
136 29
136 168
136 198
136 482
136 497
136 501
136 568
136 573
137 14
137 170
137 188
137 189
137 190
137 281
137 293
137 343
137 365
137 510
138 10
138 24
138 46
138 72
138 118
138 163
138 175
138 176
138 181
138 205
138 391
138 543
138 577
139 181
139 242
139 252
139 349
139 586
140 61
140 63
140 80
140 105
140 181
140 209
140 233
140 252
140 314
140 518
140 538
141 14
141 89
141 96
141 238
141 284
141 404
141 432
141 454
141 542
141 592
142 35
142 39
142 100
142 132
142 178
142 590
143 144
143 250
143 269
143 529
144 31
144 33
144 98
144 100
144 321
144 373
144 375
144 377
144 452
144 466
144 509
144 551
145 92
145 93
145 105
145 113
145 129
145 141
145 144
145 174
145 250
145 252
145 305
145 338
145 482
145 497
145 509
145 531
145 578
146 72
146 264
146 321
146 346
146 428
146 507
146 593
147 98
147 103
147 157
147 158
147 213
147 325
148 85
148 89
148 90
148 123
148 171
148 262
148 383
148 406
148 451
148 534
148 537
148 538
148 559
148 564
149 187
149 234
149 280
149 358
149 396
149 417
149 430
149 435
149 480
149 493
149 564
150 10
150 76
150 86
150 97
150 98
150 100
150 106
150 154
150 171
150 240
150 276
150 366
150 417
150 446
150 530
150 564
151 109
151 135
151 366
151 387
151 404
151 462
151 474
151 513
151 588
152 47
152 101
152 158
152 185
152 266
152 287
152 333
152 338
152 369
152 387
152 408
152 570
152 578
153 163
153 164
153 471
153 516
153 523
153 627
154 106
154 155
154 183
154 314
154 357
154 401
154 412
155 71
155 119
155 132
155 159
155 190
155 205
155 481
155 590
156 11
156 110
156 125
156 232
156 240
156 279
156 296
156 406
156 483
156 484
156 514
156 616
157 28
157 167
157 284
157 425
157 439
157 452
157 465
157 479
157 514
158 80
158 175
158 324
158 326
158 328
159 41
159 146
159 165
159 167
160 129
160 325
160 431
160 440
160 456
160 457
160 462
160 474
160 481
160 491
160 504
160 629
161 56
161 150
161 529
161 587
161 588
161 599
161 611
161 624
162 67
162 264
162 276
162 278
162 324
162 325
162 529
162 541
163 308
163 366
163 373
163 399
163 400
163 401
163 402
163 506
164 129
164 144
164 261
164 264
164 269
164 336
164 409
164 539
164 589
165 42
165 43
165 61
165 154
165 291
165 377
165 470
165 519
165 533
165 554
165 600
166 250
166 274
166 298
166 336
166 373
166 383
166 397
166 412
166 460
167 58
167 347
167 354
167 545
167 549
167 602
168 48
168 91
168 98
168 101
168 172
168 203
168 373
168 397
168 431
168 454
168 519
169 33
169 61
169 88
169 160
169 199
169 215
169 285
169 373
169 402
169 428
169 595
170 67
170 106
170 107
170 108
170 181
170 314
170 402
170 405
170 422
170 471
170 548
171 44
171 134
171 267
171 318
171 334
171 359
171 402
171 405
171 422
171 440
171 487
171 488
171 491
171 508
171 537
171 569
171 591
172 19
172 34
172 55
172 59
172 92
172 316
172 334
172 373
172 390
172 400
172 402
172 405
172 412
172 508
172 532
173 48
173 284
173 285
173 316
173 330
173 334
173 373
173 378
173 387
173 394
173 519
173 527
173 596
174 99
174 110
174 130
174 192
174 237
174 312
174 323
174 373
174 394
174 405
174 415
174 561
174 569
175 28
175 65
175 93
175 116
175 180
175 241
175 267
175 306
175 373
175 405
175 429
175 502
175 519
175 578
176 15
176 32
176 125
176 347
176 398
176 405
176 489
176 495
176 519
176 629
177 25
177 26
177 118
177 134
177 195
177 201
177 273
177 398
177 480
177 493
177 505
177 508
177 519
177 582
178 101
178 150
178 192
178 229
178 230
178 340
178 366
178 388
178 542
178 612
178 618
179 154
179 196
179 247
179 288
179 351
179 486
179 555
179 579
179 626
180 101
180 124
180 176
180 391
180 415
180 525
180 539
180 597
181 38
181 134
181 307
181 314
181 388
182 105
182 110
182 158
182 192
182 194
182 327
182 331
182 402
182 447
182 549
182 554
182 584
183 84
183 139
183 307
183 347
183 348
183 533
183 595
184 165
184 196
184 246
184 299
184 313
184 324
184 359
185 96
185 283
185 308
185 328
185 474
186 58
186 191
186 293
186 295
186 303
186 366
186 389
186 452
186 479
186 482
187 198
187 389
187 422
187 447
187 487
187 505
187 510
187 585
187 586
187 591
187 597
187 612
188 191
188 195
188 303
188 324
188 380
188 389
188 413
188 462
189 38
189 58
189 127
189 299
189 366
189 380
189 389
189 413
189 446
189 533
190 45
190 147
190 268
190 295
190 439
190 472
191 199
191 284
191 301
191 315
191 366
191 455
191 502
191 579
191 585
191 614
192 195
192 461
192 547
193 259
193 324
193 376
193 402
193 425
193 427
193 506
193 577
194 366
194 457
194 479
194 482
194 490
194 491
194 506
194 567
194 569
194 615
195 190
195 314
195 376
195 427
195 546
196 98
196 99
196 100
196 102
196 120
196 121
196 126
196 291
196 390
196 393
196 402
196 528
196 530
196 532
196 533
196 546
196 589
196 604
197 8
197 11
197 18
197 20
197 21
197 24
197 25
197 28
197 29
197 64
197 223
197 238
197 379
197 393
197 451
197 482
197 493
197 582
198 270
198 362
198 390
198 393
198 465
198 467
198 527
198 586
199 146
199 403
199 552
199 558
199 559
199 568
199 569
199 596
200 210
200 282
200 338
200 362
200 383
200 390
200 501
200 505
200 530
200 578
201 111
201 142
201 265
201 266
201 276
201 278
201 292
201 402
201 463
201 465
201 466
201 469
201 470
201 471
201 474
201 533
201 587
202 34
202 37
202 65
202 89
202 92
202 118
202 164
202 185
202 186
202 212
202 286
202 402
202 482
202 578
203 29
203 49
203 50
203 51
203 85
203 92
203 124
203 125
203 335
204 11
204 56
204 71
204 133
204 145
204 164
204 284
204 319
204 340
204 366
204 390
204 427
204 462
204 507
204 567
204 597
205 52
205 97
205 140
205 141
205 216
205 238
205 483
205 532
206 13
206 25
206 26
206 29
206 57
206 60
206 218
206 244
206 380
206 412
206 416
207 13
207 99
207 121
207 123
207 197
207 238
207 259
207 281
207 358
207 359
207 366
207 486
207 506
208 94
208 154
208 160
208 207
208 345
208 366
208 390
208 524
208 602
209 30
209 55
209 181
209 281
209 283
209 318
209 331
209 332
209 340
210 16
210 20
210 28
210 49
210 53
210 64
210 98
210 189
210 342
210 500
210 501
210 531
210 600
211 34
211 61
211 77
211 84
211 139
211 140
211 157
211 177
211 235
211 474
211 483
212 235
212 274
212 301
212 408
212 415
213 8
213 28
213 84
213 97
213 98
213 102
213 104
213 110
213 268
213 294
213 305
213 332
213 341
213 355
213 402
213 444
213 452
213 580
214 49
214 51
214 128
214 249
214 285
214 286
214 383
214 420
214 423
214 426
215 11
215 138
215 438
215 514
215 521
216 28
216 81
216 161
216 168
216 237
216 392
216 456
216 457
216 463
216 464
216 465
216 466
216 467
216 602
217 10
217 11
217 15
217 16
217 102
217 134
217 389
217 403
217 428
217 496
217 511
217 521
217 545
217 580
217 589
217 598
217 620
217 622
218 45
218 49
218 134
218 172
218 294
218 500
218 501
218 521
219 126
219 167
219 179
219 180
219 206
219 374
219 403
220 98
220 133
220 219
220 240
220 290
220 309
220 320
220 321
220 366
220 374
220 378
220 384
220 511
220 617
221 26
221 69
221 141
221 180
221 183
221 190
221 202
221 281
221 309
221 314
221 363
221 449
221 470
221 471
221 502
221 515
222 59
222 65
222 145
222 374
222 422
222 449
223 44
223 47
223 109
223 191
223 212
223 245
223 259
223 406
223 407
223 416
223 449
223 463
223 540
223 591
224 178
224 250
224 416
224 463
225 14
225 118
225 285
225 335
225 416
225 458
225 461
225 513
225 521
225 547
225 572
225 573
225 613
226 11
226 101
226 141
226 183
226 289
226 366
226 387
226 422
226 478
226 483
226 582
226 606
226 626
227 105
227 159
227 273
227 278
227 317
227 371
227 520
227 536
227 603
227 619
228 122
228 179
228 187
228 190
228 201
228 402
228 422
228 424
228 520
228 597
229 50
229 136
229 296
229 322
229 470
229 474
229 555
229 574
229 585
230 24
230 91
230 93
230 110
230 126
230 142
230 166
230 178
230 287
230 355
230 406
230 449
230 472
230 520
230 531
230 551
230 612
231 147
231 160
231 374
231 612
232 117
232 142
232 216
232 230
232 296
232 304
232 348
232 586
233 150
233 180
233 230
233 416
233 443
233 488
233 537
234 65
234 85
234 97
234 102
234 116
234 117
234 124
234 125
234 130
234 271
234 338
234 389
234 432
234 434
234 470
234 511
234 558
234 596
235 77
235 85
235 144
235 145
235 180
235 277
235 400
235 503
235 520
235 592
235 619
236 317
236 366
236 527
236 529
237 200
237 242
237 322
237 461
237 463
237 465
237 467
237 560
238 38
238 39
238 99
238 108
238 229
238 296
238 297
238 305
238 341
238 362
238 391
238 438
238 551
238 567
238 571
239 59
239 85
239 86
239 92
239 94
239 180
239 197
239 290
239 362
239 520
239 586
239 589
240 54
240 59
240 108
240 135
240 152
240 154
240 228
240 283
240 284
240 385
240 401
240 514
240 533
240 550
240 558
241 103
241 104
241 110
241 141
241 171
241 172
241 174
241 211
241 228
241 362
241 511
241 523
242 57
242 72
242 154
242 156
242 179
242 186
242 187
242 211
242 228
242 350
242 353
242 362
242 385
242 409
242 514
242 520
242 526
242 527
242 562
242 586
242 595
242 600
242 603
242 616
242 627
243 57
243 76
243 171
243 211
243 234
243 281
243 362
243 454
244 54
244 138
244 148
244 149
244 162
244 171
244 175
244 308
244 362
244 402
244 520
244 557
244 604
245 76
245 78
245 131
245 171
245 246
245 268
245 350
245 511
245 571
245 584
246 58
246 124
246 153
246 154
246 177
246 259
246 272
246 290
247 58
247 139
247 296
247 362
247 435
247 527
247 536
247 560
248 58
249 15
249 28
249 156
249 252
249 270
249 336
249 597
249 602
249 623
250 56
250 70
250 74
250 75
250 78
250 98
250 151
250 180
250 187
250 192
250 212
250 214
250 309
250 459
250 494
250 496
250 573
250 581
251 14
251 22
251 163
251 178
251 250
251 340
251 427
251 428
251 555
252 37
252 55
252 56
252 66
252 67
252 110
252 115
252 159
252 253
252 319
252 371
252 535
253 105
253 288
253 292
253 362
253 440
253 460
253 462
253 486
253 581
253 628
253 629
254 62
254 105
254 133
254 156
254 166
254 196
254 256
254 269
254 340
254 432
254 502
254 565
254 601
255 147
255 148
255 271
255 366
255 486
255 521
255 609
255 613
256 116
256 133
256 226
256 329
256 457
256 467
256 565
257 19
257 21
257 46
257 98
257 102
257 229
257 351
257 443
257 521
257 597
258 76
258 86
258 87
258 88
258 98
258 108
258 165
258 166
258 173
258 189
258 222
258 416
258 441
258 557
258 567
259 17
259 19
259 21
259 63
259 83
259 102
259 151
259 334
259 366
259 461
259 467
260 10
260 40
260 70
260 85
260 95
260 98
260 126
260 129
260 148
260 161
260 259
260 286
260 481
260 483
261 46
261 91
261 122
261 141
261 157
261 213
261 222
261 231
261 259
261 466
261 467
261 468
262 11
262 26
262 78
262 222
262 250
262 267
262 291
262 292
262 386
262 411
262 420
262 421
262 610
262 614
262 617
263 110
263 141
263 152
263 185
263 257
263 320
263 334
263 386
263 416
263 465
263 480
263 481
264 78
264 161
264 212
264 316
264 459
264 511
264 512
264 547
265 38
265 74
265 105
265 108
265 126
265 150
265 165
265 212
265 221
265 405
265 445
265 482
265 483
265 484
265 485
266 204
266 292
266 403
266 469
266 603
266 613
267 219
267 302
267 398
268 106
268 141
268 270
268 302
268 363
268 383
268 401
268 413
268 465
268 529
268 530
268 533
268 569
268 574
268 591
269 65
269 76
269 112
269 215
269 470
269 472
269 485
270 25
270 198
270 199
270 322
270 324
270 410
270 429
270 462
270 499
270 501
270 514
270 583
270 596
270 600
270 603
270 604
270 607
270 625
271 78
271 112
271 121
271 232
271 245
271 267
271 268
271 275
271 311
271 312
271 316
271 366
271 465
271 481
271 510
271 538
271 544
271 545
271 550
271 556
271 560
271 565
271 567
271 568
271 570
271 575
272 78
272 84
272 121
272 141
272 168
272 324
272 471
272 514
273 9
273 121
273 232
273 352
273 414
273 465
273 474
273 476
274 9
274 90
274 125
274 172
274 174
274 218
274 316
274 363
274 492
274 626
275 77
275 96
275 97
275 122
275 177
275 285
275 301
275 311
275 469
275 482
276 93
276 161
276 277
277 17
277 93
277 218
277 315
277 333
277 356
277 357
277 366
277 402
277 403
277 409
277 411
277 414
277 465
277 562
278 109
278 181
278 187
278 208
278 320
278 325
278 366
278 376
278 498
278 536
279 170
279 172
279 246
279 252
279 312
279 486
279 498
279 510
279 530
279 599
279 621
280 13
280 14
280 142
280 161
280 205
280 218
280 221
280 227
280 260
280 315
280 339
280 363
280 366
280 407
280 415
280 470
280 510
280 552
280 625
281 26
281 30
281 125
281 163
281 169
281 170
281 221
281 301
281 366
281 435
281 476
281 539
281 556
281 557
282 43
282 79
282 94
282 148
282 165
282 248
282 265
282 307
282 376
282 515
283 114
283 116
283 165
283 168
283 193
283 226
283 515
283 520
283 535
283 536
283 551
283 622
284 12
284 121
284 239
284 295
284 388
284 417
284 454
284 497
285 14
285 16
285 123
285 441
285 520
286 121
286 123
286 174
286 180
286 289
286 314
286 475
286 482
286 579
286 595
286 613
286 616
286 618
287 90
287 91
287 99
287 163
287 218
287 230
287 374
287 403
287 534
287 550
287 560
287 566
287 568
288 75
288 169
288 182
288 193
288 205
288 233
288 272
288 305
288 339
288 345
288 374
288 376
288 390
288 410
288 414
288 415
288 433
288 459
288 558
288 577
289 34
289 92
289 141
289 196
289 366
289 405
289 456
289 465
289 483
290 103
290 131
290 196
290 225
290 374
290 441
290 539
291 32
291 89
291 143
291 170
291 178
291 334
291 451
291 566
291 624
292 117
292 197
292 206
292 230
292 276
292 329
292 443
292 457
292 512
292 571
292 607
292 608
292 609
292 611
292 627
293 58
293 67
293 138
293 187
293 204
293 230
293 289
293 309
293 342
293 366
293 425
293 434
293 532
293 554
294 77
294 103
294 107
294 117
294 167
294 173
294 193
294 325
294 374
294 403
294 418
294 453
294 489
295 180
295 181
295 187
295 230
295 245
295 256
295 456
295 483
295 515
295 546
295 622
296 94
296 165
296 169
296 209
296 245
296 269
296 270
296 276
296 288
296 425
296 434
296 512
296 515
296 520
297 122
297 126
297 157
297 162
297 171
297 230
297 245
297 290
297 374
297 386
297 397
297 466
297 512
297 515
297 592
298 75
298 105
298 119
298 129
298 130
298 131
298 132
298 213
298 220
298 225
298 336
298 351
298 352
298 353
298 401
298 546
298 570
298 625
299 11
299 17
299 42
299 79
299 94
299 101
299 169
299 170
299 177
299 225
299 268
299 269
299 270
299 341
299 349
299 433
299 477
299 491
299 497
299 501
299 508
299 562
300 124
300 135
300 150
300 203
300 405
300 425
300 497
300 515
301 13
301 17
301 29
301 33
301 75
301 98
301 126
301 158
301 161
301 162
301 192
301 366
301 436
301 466
301 468
301 515
301 612
301 613
301 614
301 615
302 11
302 93
302 94
302 220
302 262
302 263
302 366
302 374
302 412
302 430
302 515
302 561
302 562
302 569
302 591
303 108
303 109
303 127
303 139
303 183
303 252
303 317
303 374
303 385
303 422
303 481
303 515
303 585
304 35
304 57
304 299
304 476
304 477
304 478
304 502
304 515
304 520
304 523
304 557
304 594
304 617
304 618
304 624
305 37
305 62
305 68
305 118
305 120
305 121
305 232
305 304
305 473
305 515
305 571
306 92
306 94
306 102
306 156
306 173
306 180
306 346
306 386
306 410
306 432
306 445
306 493
306 504
306 523
306 531
306 567
307 20
307 162
307 429
307 484
307 508
307 515
307 523
308 76
308 116
308 149
308 153
308 178
308 273
308 304
308 408
308 424
308 480
308 484
308 487
308 515
309 135
309 216
309 224
309 248
309 276
309 277
309 298
309 299
309 300
309 327
309 351
309 353
309 357
309 472
309 528
309 580
310 41
310 86
310 116
310 117
310 133
310 154
310 177
310 281
310 282
310 283
310 284
310 285
310 286
310 287
310 288
310 289
310 290
310 291
310 292
310 293
310 294
310 487
310 501
310 515
310 545
310 548
311 160
311 208
312 43
312 245
312 421
312 485
312 515
313 177
313 265
313 268
313 328
313 344
313 460
313 483
313 551
313 628
314 91
314 147
314 148
314 158
314 351
314 388
314 502
314 545
314 616
315 17
315 59
315 72
315 114
315 119
315 150
315 203
315 273
315 295
315 359
315 445
315 497
316 43
316 54
316 95
316 128
316 141
316 206
316 305
316 340
316 392
316 473
316 476
316 551
316 552
316 555
316 563
316 564
316 596
316 601
316 617
317 47
317 191
317 362
317 431
318 8
318 94
318 129
318 130
318 134
318 219
318 243
318 360
318 416
318 445
319 31
319 53
319 252
319 527
319 528
319 608
319 628
320 33
320 57
320 185
320 219
320 411
320 416
320 487
320 502
320 521
320 537
320 543
321 90
321 178
321 232
321 309
321 311
321 521
322 53
322 106
322 137
322 302
322 497
322 567
323 40
323 114
323 166
323 427
323 482
323 545
323 608
324 26
324 102
324 173
324 362
324 399
324 504
324 510
324 521
325 26
325 71
325 109
325 110
325 121
325 158
325 202
325 321
325 362
325 429
325 436
325 521
325 562
325 563
325 580
326 39
326 68
326 127
326 168
326 198
326 206
326 215
326 366
326 510
327 19
327 82
327 181
327 215
327 227
327 248
327 280
327 317
327 422
327 580
328 17
328 27
328 38
328 99
328 100
328 113
328 521
329 133
329 139
329 156
329 162
329 206
329 252
329 280
329 308
329 318
330 111
330 125
330 137
330 139
330 195
330 197
330 215
330 221
330 266
330 269
330 270
330 274
330 300
330 356
330 385
330 386
330 400
331 103
331 158
331 175
331 182
331 215
331 566
332 71
332 149
332 152
332 218
332 252
332 315
332 325
332 440
332 527
332 585
333 91
333 120
333 144
333 156
333 157
333 182
333 218
333 243
333 245
333 252
333 295
333 372
333 403
333 451
333 460
333 462
333 493
333 494
333 521
334 110
334 196
334 234
334 277
334 287
334 359
334 390
334 402
334 424
334 428
334 487
334 510
334 602
334 619
334 622
334 625
335 105
335 107
335 154
335 248
335 268
335 274
335 277
335 299
335 502
335 614
336 15
336 19
336 62
336 66
336 124
336 189
336 218
336 338
336 396
336 429
336 483
336 526
336 551
337 189
337 248
337 271
337 370
337 548
337 621
338 185
338 196
338 309
338 346
338 610
338 611
338 624
339 52
339 83
339 91
339 204
339 206
339 252
339 277
339 302
339 318
339 402
339 454
339 498
339 557
339 560
339 573
339 605
340 121
340 122
340 189
340 277
340 614
340 615
341 9
341 156
341 244
341 277
341 348
341 350
341 384
341 395
341 454
341 536
341 545
342 173
342 222
342 277
342 284
342 306
342 388
342 444
342 446
342 510
342 521
343 13
343 121
343 126
343 150
343 186
343 290
343 309
343 314
343 513
344 16
344 58
344 59
344 83
344 84
344 85
344 86
344 87
344 88
344 89
344 90
344 91
344 92
344 93
344 94
344 95
344 96
344 97
344 98
344 99
344 416
344 504
345 117
345 119
345 206
345 369
345 537
345 545
346 121
346 163
346 179
346 239
346 310
346 312
346 316
346 553
346 617
347 50
347 87
347 92
347 104
347 220
347 307
347 462
348 78
348 96
348 111
348 137
348 244
348 245
348 263
348 264
348 265
348 266
348 267
348 271
348 314
348 397
348 398
348 430
348 452
348 465
348 558
348 582
348 599
349 269
349 327
349 390
349 449
349 521
349 524
350 8
350 91
350 106
350 124
350 136
350 170
350 188
350 203
350 214
350 248
350 261
350 311
350 322
350 362
350 498
350 547
350 557
350 571
351 60
351 103
351 159
351 293
351 367
351 413
351 414
351 455
351 459
351 474
351 490
351 516
351 521
352 115
352 188
352 278
352 280
352 317
352 516
352 580
352 628
352 630
353 29
353 56
353 103
353 225
353 311
353 425
353 441
353 443
353 560
354 18
354 26
354 50
354 289
354 380
354 445
354 447
354 461
354 462
354 463
354 472
354 562
354 617
355 311
355 313
355 351
355 357
355 416
355 458
355 493
355 604
356 25
356 256
356 364
356 493
356 504
357 25
357 48
357 105
357 319
357 478
358 33
358 38
358 39
358 40
358 105
358 118
358 225
358 364
358 398
358 413
358 445
358 446
358 498
359 105
359 262
359 389
359 425
359 556
359 574
359 580
360 28
360 105
360 170
360 339
360 369
360 425
360 480
360 482
360 483
360 543
361 57
361 62
361 102
361 201
361 316
361 322
361 366
361 496
361 498
361 540
361 555
362 102
362 105
362 389
362 481
362 488
362 555
363 102
363 123
363 153
363 154
363 173
363 287
363 319
363 429
363 507
363 579
363 615
363 617
364 28
364 51
364 102
364 134
364 373
364 389
364 582
365 55
365 56
365 57
365 102
365 130
365 131
365 226
365 333
366 149
366 326
366 370
366 397
366 515
366 516
366 568
367 170
367 212
367 306
367 332
367 549
367 629
368 217
368 303
368 389
369 36
369 111
369 533
369 622
370 87
370 95
370 144
370 165
370 286
370 516
371 351
372 136
372 137
372 139
372 162
372 215
372 289
372 299
372 407
373 167
373 240
373 259
373 395
374 87
374 119
374 121
374 122
374 124
374 127
374 196
374 235
374 437
375 21
375 59
375 149
375 205
375 318
375 401
376 40
376 41
376 224
376 249
376 304
376 318
376 332
376 522
376 528
376 564
377 135
377 136
377 137
377 138
377 140
377 141
377 142
377 216
377 304
377 522
377 567
378 11
378 45
378 84
378 191
378 202
378 369
378 581
378 592
379 308
379 353
379 372
379 373
379 522
379 558
380 103
380 159
380 161
380 171
380 219
380 259
380 522
380 554
381 8
381 49
381 136
381 235
381 366
381 378
381 480
381 623
382 62
382 615
383 327
383 406
383 464
383 547
383 615
384 109
384 149
384 244
384 283
384 393
384 431
384 434
384 615
385 36
385 73
385 90
385 129
385 149
385 527
385 570
385 583
386 184
386 225
386 283
386 319
386 372
386 374
386 403
386 541
386 588
387 88
387 117
387 242
387 304
387 340
387 425
387 430
387 431
387 562
388 122
388 132
388 136
388 144
388 145
388 288
388 322
388 372
388 619
389 35
389 46
389 53
389 117
389 122
389 362
389 382
389 399
389 413
389 493
389 498
389 499
389 534
390 122
390 319
390 467
390 468
390 469
390 470
390 471
390 472
390 473
390 474
390 475
390 476
390 477
390 478
391 119
391 122
391 173
391 191
391 196
391 370
391 374
391 411
391 541
392 136
392 315
392 437
392 536
393 15
393 28
393 33
393 83
393 158
393 159
393 181
393 279
393 359
393 379
393 497
393 516
394 163
394 261
394 263
394 346
394 516
394 561
394 625
395 121
395 138
395 207
395 247
395 395
395 462
395 501
395 516
395 539
395 578
395 612
396 121
396 138
396 144
396 150
396 204
396 333
396 516
397 49
397 121
397 157
397 398
397 478
397 516
398 8
398 30
398 121
398 229
398 344
398 405
398 428
398 494
398 500
398 516
398 542
398 611
399 121
399 133
399 227
399 254
399 352
399 354
399 419
399 516
399 613
400 56
400 80
400 121
400 133
400 142
400 335
400 479
400 509
400 516
401 87
401 98
401 283
401 303
401 397
401 516
402 92
402 98
402 167
402 458
402 468
402 496
402 538
402 569
402 573
403 81
403 92
403 108
403 123
403 137
403 196
403 228
403 507
403 516
403 518
404 62
404 108
404 118
404 137
404 241
404 243
404 261
404 281
404 479
404 511
404 535
404 542
405 93
405 118
405 137
405 196
405 208
405 228
405 489
405 580
405 592
405 605
406 118
406 251
406 315
406 476
406 516
406 523
406 537
407 88
407 156
407 191
407 271
407 390
407 436
407 470
407 505
408 27
408 122
408 182
408 259
408 315
408 556
408 616
409 49
409 105
409 166
409 190
409 220
409 221
409 229
409 312
409 366
409 417
409 452
409 453
409 454
409 455
409 456
409 473
409 474
409 475
409 481
409 482
409 491
409 492
409 516
409 546
409 547
410 27
410 97
410 100
410 105
410 122
410 132
410 208
410 285
410 315
410 386
410 417
410 529
410 531
411 27
411 97
411 122
411 132
411 183
411 289
411 404
411 556
411 575
411 576
411 607
412 122
412 190
412 208
412 315
412 420
412 456
412 457
412 458
412 459
412 460
412 461
412 464
412 465
412 466
412 467
412 468
412 469
412 470
412 471
412 472
412 473
412 474
412 475
412 476
412 478
412 482
412 483
412 501
412 502
412 503
412 504
412 505
412 506
412 598
413 54
413 58
413 107
413 117
413 134
413 241
413 243
413 276
413 352
414 19
414 44
414 54
414 117
414 155
414 230
414 350
414 389
414 554
414 571
414 591
415 44
415 47
415 105
415 117
415 129
415 136
415 149
415 463
415 467
415 500
415 558
415 591
416 85
416 91
416 199
417 39
417 56
417 97
417 209
417 210
417 211
417 212
417 231
417 280
417 338
417 440
417 443
418 30
418 32
418 34
418 148
418 199
418 245
418 474
418 492
419 99
419 133
419 148
419 275
419 360
419 401
419 463
419 547
420 9
420 10
420 121
420 133
420 319
420 397
420 492
420 544
421 19
421 35
421 36
421 108
421 121
421 128
421 133
421 178
421 245
421 258
421 471
421 495
421 549
421 554
421 599
421 616
422 118
422 133
422 172
422 200
422 454
422 468
423 57
423 59
423 68
423 69
423 96
423 118
423 175
423 232
423 499
424 52
424 90
424 118
424 135
424 169
424 182
424 206
424 356
424 367
424 469
424 491
424 501
424 514
425 40
425 76
425 104
425 116
425 118
425 222
425 223
425 348
425 465
425 494
425 592
426 76
426 211
426 232
426 294
426 328
426 400
426 497
426 527
426 615
427 118
427 156
427 319
427 460
427 466
427 544
427 561
428 109
428 165
428 171
428 172
428 294
428 412
428 416
428 429
428 493
428 619
429 19
429 39
429 48
429 336
429 412
429 419
429 493
429 497
429 510
429 548
429 554
429 555
430 30
430 175
430 195
430 208
430 287
430 330
430 338
430 459
430 460
430 462
430 463
430 490
430 593
430 598
431 317
431 338
431 347
431 377
431 479
431 490
431 504
431 524
432 95
432 130
432 160
432 338
432 562
433 46
433 117
433 253
433 297
433 418
433 424
433 475
434 40
434 72
434 183
434 277
434 278
434 304
434 458
434 493
435 56
435 89
435 446
435 464
435 493
435 513
435 553
436 112
436 234
436 267
436 381
436 461
436 509
436 618
437 172
437 218
437 252
437 446
437 448
438 10
438 101
438 119
438 160
438 239
438 283
438 425
438 462
438 509
438 554
439 17
439 92
439 105
439 107
439 114
439 115
439 217
439 340
439 341
439 444
439 474
439 482
440 136
440 152
440 229
440 231
440 275
440 375
440 432
440 458
440 502
440 519
440 565
440 594
441 14
441 450
441 490
441 529
441 548
441 555
441 559
441 594
441 621
442 21
442 60
442 113
442 235
442 276
442 305
442 363
442 365
442 371
442 453
442 464
442 479
442 594
442 627
443 39
443 50
443 95
443 185
443 192
443 594
444 39
444 66
444 86
444 87
444 89
444 185
444 291
444 312
444 353
444 529
445 39
445 82
445 83
445 131
445 133
445 151
445 175
445 211
445 361
445 367
445 415
445 438
445 441
445 457
445 490
445 529
445 545
445 563
445 566
445 602
446 64
446 77
446 78
446 165
446 211
446 235
446 312
446 534
446 556
446 591
446 595
447 96
447 235
447 259
447 470
447 483
447 496
447 543
447 552
448 25
448 218
448 308
448 366
448 470
448 619
449 63
449 143
449 362
449 370
449 445
449 550
449 592
449 609
450 171
450 201
450 212
450 245
450 390
450 435
450 445
450 512
450 527
450 534
451 100
451 115
451 154
451 187
451 192
451 310
451 407
451 545
451 561
451 571
451 591
451 627
452 63
452 64
452 78
452 144
452 297
452 350
452 404
452 443
452 497
452 503
452 515
452 587
453 97
453 119
453 433
453 440
453 564
453 596
453 613
454 48
454 67
454 161
454 449
454 621
454 630
455 158
455 176
455 201
455 361
455 446
455 556
455 579
456 33
456 52
456 423
456 463
456 473
456 507
456 612
457 61
457 144
457 201
457 335
457 399
457 435
457 454
457 456
457 568
458 21
458 52
458 53
458 54
458 59
458 141
458 154
458 164
458 246
458 285
458 377
458 440
458 442
458 488
458 555
458 629
459 30
459 48
459 57
459 99
459 127
459 167
459 174
459 179
459 368
459 464
459 466
459 523
460 352
460 360
460 500
461 41
461 101
461 142
461 179
461 201
461 206
461 271
461 330
461 457
461 462
461 463
461 464
461 465
461 517
461 518
461 583
462 46
462 50
462 57
462 58
462 59
462 60
462 61
462 216
462 261
462 266
462 457
462 498
462 550
462 574
462 598
463 41
463 42
463 52
463 66
463 121
463 216
463 297
463 316
463 411
463 444
463 507
463 541
463 557
463 582
464 18
464 310
464 458
464 459
465 12
465 13
465 14
465 106
465 155
465 211
465 248
465 272
465 284
465 355
465 356
465 433
465 480
465 497
465 540
466 39
466 140
466 201
466 206
466 225
466 350
466 540
467 275
467 337
467 369
467 386
467 391
467 400
468 95
468 158
468 164
468 201
468 421
468 477
468 478
468 508
468 556
468 576
468 626
469 10
469 11
469 17
469 19
469 41
469 62
469 63
469 104
469 105
469 151
469 201
469 211
469 469
469 626
470 41
470 116
470 151
470 174
470 187
470 408
470 436
470 540
470 560
470 616
