21 170
24 167
26 157
28 159
28 160
30 153
31 161
34 153
38 300
38 302
39 302
40 154
41 310
42 310
43 158
48 313
55 348
55 349
56 328
58 376
59 350
61 352
63 346
63 354
63 422
67 438
72 50
73 10
74 524
77 542
78 586
79 583
79 586
80 579
80 580
97 589
100 587
110 511
111 589
112 513
113 589
146 491
149 528
152 590
162 482
162 483
164 478
164 479
166 529
168 565
170 460
171 591
177 581
194 553
198 538
199 503
205 591
205 592
205 594
205 623
205 630
209 540
210 514
220 577
222 534
222 535
226 565
227 272
234 300
236 488
240 161
244 144
245 156
256 346
259 117
266 495
268 102
268 103
269 94
273 602
274 494
276 456
277 440
277 447
277 449
278 22
280 560
285 550
285 551
285 552
286 544
286 545
287 208
288 203
291 186
300 634
337 31
342 143
345 146
348 239
364 506
366 173
366 178
370 354
375 353
375 354
376 412
388 10
390 11
396 19
408 61
430 563
430 589
431 559
433 69
433 70
433 71
434 546
435 552
436 544
436 557
436 558
440 575
444 95
444 542
445 91
445 565
446 88
446 540
448 77
448 78
458 580
458 582
459 525
459 570
460 543
461 581
462 542
465 624
468 585
469 531
