0 16 312
0 17 340
0 20 336
0 21 14
0 21 296
0 23 157
0 23 299
0 23 306
0 24 350
0 24 352
0 24 354
0 25 369
0 26 22
0 27 366
0 28 355
0 28 366
0 30 371
0 35 386
0 36 393
0 37 395
0 37 555
0 37 556
0 38 450
0 39 271
0 45 250
0 45 274
0 48 405
0 53 239
0 57 544
0 59 407
0 59 410
0 61 370
0 66 233
0 67 435
0 69 235
0 70 231
0 72 227
0 76 411
0 94 210
0 95 212
0 96 212
0 96 448
0 97 214
0 102 94
0 102 198
0 102 437
0 103 200
0 105 203
0 105 420
0 105 448
0 105 450
0 106 429
0 108 449
0 109 55
0 111 620
0 113 450
0 113 607
0 116 207
0 118 452
0 119 614
0 123 288
0 124 503
0 125 19
0 125 120
0 125 438
0 125 609
0 132 514
0 133 511
0 135 32
0 136 198
0 137 365
0 138 205
0 140 518
0 141 592
0 142 39
0 146 593
0 153 523
0 153 627
0 155 205
0 159 146
0 161 150
0 162 67
0 163 373
0 163 399
0 163 400
0 163 401
0 163 402
0 165 470
0 166 397
0 166 460
0 168 203
0 168 397
0 168 454
0 169 402
0 170 405
0 171 405
0 171 569
0 172 390
0 172 400
0 172 405
0 173 387
0 174 415
0 174 569
0 175 502
0 176 398
0 177 398
0 178 388
0 180 391
0 181 388
0 184 359
0 186 366
0 186 389
0 186 482
0 187 389
0 187 487
0 188 389
0 188 462
0 189 389
0 191 315
0 191 455
0 194 457
0 194 490
0 194 491
0 195 190
0 196 390
0 196 393
0 196 402
0 197 223
0 197 379
0 197 393
0 198 393
0 198 465
0 198 467
0 199 403
0 200 383
0 200 390
0 201 402
0 202 402
0 204 390
0 204 462
0 205 483
0 206 380
0 207 506
0 208 390
0 208 524
0 210 501
0 213 444
0 214 420
0 215 438
0 216 456
0 216 467
0 216 602
0 217 428
0 217 511
0 220 219
0 222 374
0 223 245
0 223 463
0 224 250
0 224 463
0 225 458
0 225 461
0 225 521
0 228 424
0 229 585
0 230 449
0 231 374
0 232 230
0 232 348
0 233 230
0 233 416
0 233 443
0 233 537
0 234 271
0 234 432
0 234 511
0 234 558
0 235 277
0 236 317
0 236 527
0 236 529
0 237 200
0 237 242
0 237 463
0 237 465
0 237 467
0 237 560
0 238 229
0 238 567
0 238 571
0 239 520
0 240 228
0 240 283
0 240 284
0 240 401
0 240 533
0 240 558
0 241 228
0 241 511
0 241 523
0 242 228
0 242 353
0 242 520
0 242 526
0 242 527
0 242 562
0 243 281
0 244 520
0 244 557
0 245 246
0 245 350
0 245 511
0 246 259
0 247 362
0 247 527
0 247 536
0 247 560
0 249 252
0 249 336
0 251 250
0 251 340
0 251 428
0 251 555
0 252 253
0 253 362
0 254 256
0 256 226
0 257 229
0 257 351
0 257 443
0 258 222
0 260 259
0 261 222
0 261 231
0 261 259
0 262 222
0 262 250
0 263 257
0 264 459
0 264 511
0 264 512
0 264 547
0 265 221
0 265 445
0 270 429
0 271 245
0 271 267
0 271 510
0 273 232
0 277 333
0 278 376
0 279 246
0 279 252
0 279 510
0 280 218
0 280 339
0 280 363
0 280 510
0 282 248
0 282 376
0 284 417
0 284 454
0 287 230
0 287 374
0 288 233
0 288 272
0 288 339
0 288 374
0 288 376
0 288 433
0 288 459
0 289 456
0 290 374
0 290 441
0 291 451
0 292 230
0 292 276
0 292 329
0 292 443
0 292 457
0 292 512
0 293 425
0 293 434
0 294 418
0 295 245
0 295 256
0 295 456
0 295 515
0 296 245
0 296 269
0 296 270
0 296 276
0 296 425
0 296 434
0 296 512
0 297 245
0 297 374
0 297 512
0 298 336
0 298 625
0 299 268
0 299 269
0 299 433
0 299 508
0 301 436
0 301 612
0 301 613
0 301 614
0 301 615
0 302 262
0 302 263
0 302 374
0 302 430
0 303 252
0 303 317
0 303 374
0 303 422
0 304 299
0 304 617
0 305 304
0 306 432
0 306 445
0 307 429
0 308 273
0 308 304
0 308 424
0 309 216
0 309 276
0 309 277
0 309 298
0 309 299
0 309 300
0 312 245
0 313 328
0 313 460
0 314 545
0 315 273
0 315 445
0 316 340
0 316 564
0 318 243
0 318 416
0 319 527
0 319 608
0 320 411
0 320 416
0 320 537
0 320 543
0 323 482
0 323 545
0 323 608
0 324 362
0 324 399
0 325 362
0 325 429
0 325 436
0 325 562
0 325 580
0 326 510
0 327 215
0 327 280
0 329 280
0 330 269
0 330 274
0 330 356
0 330 400
0 331 566
0 332 218
0 332 440
0 332 527
0 333 218
0 333 245
0 333 403
0 333 451
0 333 460
0 333 462
0 334 277
0 334 287
0 334 402
0 334 424
0 334 428
0 334 487
0 334 510
0 334 602
0 335 268
0 335 274
0 335 277
0 335 614
0 336 396
0 336 429
0 336 483
0 337 271
0 337 548
0 338 610
0 338 611
0 339 252
0 339 277
0 339 402
0 339 560
0 339 605
0 340 277
0 340 614
0 340 615
0 341 350
0 341 454
0 342 284
0 342 444
0 342 446
0 342 510
0 343 290
0 343 513
0 344 16
0 344 90
0 344 91
0 344 94
0 344 95
0 344 96
0 344 98
0 344 99
0 344 416
0 345 369
0 346 617
0 347 87
0 347 92
0 347 104
0 347 462
0 348 78
0 348 244
0 348 245
0 348 263
0 348 264
0 348 271
0 348 430
0 348 452
0 348 465
0 349 449
0 350 106
0 350 214
0 350 248
0 350 261
0 351 60
0 351 293
0 351 474
0 352 278
0 352 280
0 353 56
0 353 103
0 353 225
0 353 425
0 354 26
0 354 289
0 354 380
0 355 416
0 357 105
0 358 38
0 358 39
0 358 40
0 358 105
0 358 225
0 358 398
0 358 413
0 359 105
0 359 389
0 359 556
0 359 580
0 360 339
0 361 496
0 362 105
0 362 389
0 362 481
0 363 102
0 363 287
0 363 507
0 363 579
0 364 28
0 364 102
0 364 389
0 365 102
0 366 397
0 367 212
0 367 629
0 368 217
0 368 303
0 368 389
0 369 533
0 372 215
0 372 299
0 373 240
0 373 395
0 374 196
0 375 205
0 375 318
0 375 401
0 376 304
0 376 318
0 376 522
0 376 528
0 377 135
0 377 136
0 377 138
0 377 140
0 377 141
0 377 142
0 377 304
0 377 522
0 378 11
0 378 191
0 378 202
0 379 522
0 380 103
0 380 219
0 380 259
0 380 522
0 381 8
0 383 327
0 383 406
0 384 109
0 384 149
0 384 244
0 385 149
0 385 527
0 385 583
0 386 184
0 386 541
0 387 117
0 387 340
0 387 425
0 388 122
0 388 132
0 388 136
0 389 117
0 389 122
0 389 362
0 389 413
0 390 122
0 391 119
0 391 122
0 391 196
0 391 411
0 391 541
0 392 136
0 393 181
0 393 359
0 393 497
0 394 516
0 395 501
0 395 516
0 396 138
0 396 144
0 396 204
0 396 516
0 397 49
0 397 478
0 397 516
0 398 8
0 398 121
0 398 494
0 399 133
0 399 516
0 399 613
0 400 56
0 400 121
0 400 133
0 400 142
0 400 479
0 400 516
0 401 98
0 401 283
0 401 516
0 402 98
0 402 167
0 402 496
0 403 137
0 404 62
0 404 118
0 404 137
0 404 261
0 404 281
0 404 479
0 405 118
0 405 137
0 405 489
0 405 580
0 406 118
0 406 315
0 406 476
0 406 516
0 407 436
0 408 259
0 408 315
0 409 49
0 409 166
0 409 366
0 409 452
0 409 453
0 409 454
0 409 455
0 409 456
0 409 473
0 409 474
0 409 481
0 409 482
0 409 491
0 409 492
0 409 516
0 410 122
0 410 132
0 410 315
0 411 122
0 411 132
0 411 607
0 412 122
0 412 482
0 412 483
0 412 501
0 413 54
0 413 117
0 413 134
0 414 44
0 414 54
0 414 117
0 415 44
0 415 117
0 415 129
0 415 136
0 417 56
0 417 97
0 417 211
0 417 212
0 419 99
0 419 133
0 420 9
0 420 121
0 420 133
0 421 121
0 422 118
0 423 96
0 423 118
0 424 118
0 424 135
0 424 206
0 425 116
0 425 118
0 426 232
0 426 527
0 427 118
0 427 156
0 429 39
0 429 48
0 430 208
0 430 598
0 431 317
0 431 347
0 431 377
0 431 524
0 432 130
0 433 46
0 433 117
0 434 40
0 434 304
0 435 56
0 435 446
0 436 112
0 436 381
0 437 172
0 438 10
0 438 101
0 439 92
0 439 105
0 439 107
0 440 136
0 440 152
0 440 229
0 440 231
0 440 375
0 440 519
0 441 14
0 441 450
0 442 235
0 442 453
0 443 50
0 443 95
0 444 86
0 445 131
0 445 133
0 445 151
0 445 457
0 446 77
0 446 78
0 447 96
0 450 390
0 450 512
0 450 527
0 451 100
0 451 115
0 452 63
0 452 64
0 452 78
0 452 404
0 452 503
0 452 587
0 453 97
0 453 119
0 454 48
0 454 67
0 455 201
0 456 33
0 456 52
0 456 473
0 458 21
0 458 141
0 458 154
0 459 30
0 459 99
0 459 127
0 459 523
0 461 101
0 461 330
0 463 66
0 463 411
0 465 356
0 465 480
0 466 350
0 467 400
0 468 158
0 468 508
0 469 201
1 17 346
1 49 249
1 56 419
1 58 412
1 62 425
1 119 200
1 136 602
1 137 514
1 179 208
1 181 523
1 220 459
1 227 459
1 227 460
1 230 362
1 233 240
1 236 276
1 237 451
1 237 452
1 238 223
1 238 524
1 239 223
1 239 268
1 246 527
1 246 543
1 246 553
1 252 226
1 262 362
1 262 445
1 271 243
1 285 336
1 285 375
1 293 441
1 294 441
1 300 619
1 310 452
1 320 601
1 326 437
1 326 455
1 326 511
1 327 399
1 327 466
1 327 484
1 330 399
1 331 511
1 333 454
1 333 466
1 333 472
1 340 511
1 343 511
1 345 626
1 346 97
1 347 466
1 347 467
1 347 468
1 353 230
1 356 233
1 356 235
1 371 433
1 378 526
1 392 552
1 399 180
1 401 180
1 402 422
1 407 494
1 408 370
1 446 383
