159  19
128  10
104   9
231  55
186  63
172  60
203  41
145  64
165  62
159  66
162  60
191  93
202  57
164  41
196  67
185  69
193  74
180  86
171  72
177  53
190  98
184  41
200  99
199  58
135  72
147  39
158  76
167  82
170  71
195  71
189  45
162  86
195  57
179  63
175  50
155  34
149  45
171  47
193  66
207  71
194  39
197  82
202  39
211  71
155  61
177  96
192  54
182  80
188  74
210  77
166  62
197  77
220  82
162  57
192  65
182  35
166  49
189  52
165  35
198  44
201  56
166  77
171  73
190  90
179  57
187  49
192  96
191 100
188  73
220  67
151  93
203  49
217  50
189  34
241  45
204  58
168  79
176 115
209  90
165  18
164  26
124  38
213  52
172  79
193 114
235  47
150 108
159  71
203  53
206 100
142  80
180  64
151  90
180  58
224  64
233  61
152  40
230  61
206  79
168  70
164  55
174  85
206  52
194  96
173  45
169  52
171  87
187 102
180  43
174  71
208 106
182  39
166  62
152  37
146  60
139  63
167  32
171  62
166  60
196  68
194  60
173  25
162  54
252  78
197  59
173  54
187  51
189  33
157   5
160  57
174  37
175  61
189  71
183  95
163  28
177  68
176  83
168  50
174  51
178  71
198  70
149  48
232  42
177  14
189  39
222  38
213  50
196  73
207  35
152  52
150  72
145  87
206  46
196  57
198  84
178  46
179   0
201  51
172  54
217  47
184  62
120  86
206 108
168  75
171  74
156  50
181  83
195  14
193 117
210  47
145  60
184  82
165  32
163  56
170  47
167  50
165   5
196  38
173  75
166  66
155  34
226  69
191  48
186 102
164  50
188  46
173 110
155  36
190  73
210  43
168  45
193  54
148  23
203  44
170  62
214  39
166  77
161  75
181  68
179  51
176  75
128  25
174  71
144  64
186  64
143  31
146  54
167   4
189  85
153  36
149  53
219  39
212  54
189  66
151  53
159  43
204  78
151  41
156  61
180  54
202  68
162  50
199  79
174  55
157  65
209  53
146  52
181  60
206  62
200  24
167  71
120  56
183 113
195  50
204  92
187  60
244  46
192  49
151  84
162  62
170  59
181  18
200  62
203  17
172 105
132  70
186  49
229  55
195  84
166  83
170 102
171  42
180  91
197  90
213  26
176  13
170  90
142  62
160  30
193  96
190  89
169  52
174  55
177  85
181  33
201 102
192 112
154  67
166  41
200  19
171  40
171  61
168  55
151  69
178  27
145  86
197  73
175  45
133  85
218 110
133  69
217  62
153  70
154  46
200  67
209  26
193  74
201  39
157  45
166  73
184  32
154  57
146   8
214 102
189  41
179  52
194  76
169  34
169  34
153  70
167  60
219  85
163  72
188  30
142  61
177  57
192  34
216  79
174 113
169  50
211  78
183  81
165  65
153  80
159  79
173  54
203  34
166  80
221  53
217  94
132  34
177  61
149  31
173  20
174  63
183  69
175  93
219  83
184  92
169  91
167  53
180  57
151  73
152 111
118  79
190  74
199  64
156  61
184  36
219  88
163  66
187  46
215  47
174  99
176  35
174  64
158   0
156  45
181  59
153  42
180  79
191  32
144 106
168  55
177  96
174  84
226  61
177  63
205  72
150  71
163  94
151  56
229  78
182  96
179  76
183  67
123  25
133  11
154  76
151  47
175  33
140  60
217  58
164  29
151  42
183  89
198  31
143  66
199  36
200  45
169  59
196  65
141  64
196  78
186  62
193  70
176  65
201  71
184  75
193  89
147  91
189  82
152  67
162  40
178  10
190 103
209  83
210  78
175  75
166  37
133  34
142  44
202  62
142  63
187  33
138  44
160  64
207  68
175  67
224  96
192  75
153  16
195  63
159  90
162  40
196  59
168  54
175  87
134  55
227  42
196 113
162  58
213  66
168  60
164  72
194  80
190  62
126  47
178  55
209  83
185  71
166 114
160  38
210  69
202  65
222  67
172  49
168  21
189  47
198  34
194  15
199  86
183 103
188  62
163  38
226 103
166  91
161  61
171  83
213  60
173  88
202  76
174  85
199  79
136  57
210  56
150  86
151  88
178  75
192  51
206  68
175  61
195  68
247  37
155  36
189 100
218  18
170  69
184  53
215  67
176  48
177  52
226  53
167  39
179  74
148  53
201  54
169  67
192  34
201  72
186  28
172  84
192  56
211  67
180  61
171  58
167  21
165  61
192  41
173  69
195  32
191  76
220  79
220  25
221  61
202  44
191  64
152  68
192  77
172  92
230  73
214  65
174  78
178  85
168  67
117  33
181  72
164  70
168  84
178 114
175  55
165  58
160 110
195  37
156  56
193  57
195  63
149  93
200  10
205  61
193  15
127  61
165  67
188  61
205  89
172  50
200  45
133  96
144  33
137  42
158  76
189  53
213  53
144  67
216  35
163  94
206  47
176  87
199  59
196  64
161 100
193  38
169  98
171  24
165  47
201  37
177  34
204 100
182  38
162  81
174  71
164  48
167  19
176  50
192  72
155  56
164  47
171 130
186  50
193  58
150  54
136  59
210  88
164  68
158  55
175  57
163  66
181  73
150   8
150  53
209  71
151  36
194   7
173  52
189  55
166  67
181  52
194  43
224  49
215  32
160  40
170  46
199  76
173  49
176  58
201  74
152  68
192  44
174  67
191  59
138  84
202  59
166  55
184  38
165  38
178  62
217  76
187 112
169  63
185  73
161 110
172  84
149  73
209  41
211  39
198  57
209  61
150  78
188  96
231  79
185  42
191  91
144  72
160  77
250  84
173  56
164  82
176  81
161  46
151  94
176  47
177  51
203  69
232  60
203  95
179  89
192  51
197  58
158  59
180  68
202  54
207  51
207  54
202  40
161  59
188  67
168  77
202  75
185  36
203  84
218  81
167  48
173  67
161  41
196  93
154  72
138  92
150  48
217  48
182  53
182  37
199  39
224  45
205  60
154  88
171  48
146  41
166  65
168  31
212  48
201  54
163  29
184  80
197  50
185  24
167  87
177  45
165  97
156  87
182  74
147  57
182  69
179  71
202  69
145  51
218  50
212  79
207  52
172  96
217  85
163  97
181  42
196  86
197 104
156  59
185  37
185  20
165  77
241  81
134  40
200  58
146  38
157  63
171  38
146  68
176  55
149  46
153  47
203  44
181 103
181  57
167  55
190  69
197  67
174  90
192  36
190  69
206  68
167  62
162  60
191  56
201  52
164  91
216 101
151  90
185  57
153  77
188  67
202  53
187  43
204  90
152  36
204  39
240  85
183  71
165  47
162  83
230  44
178  22
185 126
183  67
186  21
129  99
141  45
220  38
205  74
153  63
124  97
192  62
164  99
220  66
185  47
227  68
172  52
149  17
166  79
156  74
167  40
184  72
168  62
187  40
165  38
188  54
183 131
227  54
170  89
186  53
168  38
181  61
155  31
189  37
136  40
166  25
142  33
177  66
175  68
183  78
182  37
190  69
143  59
140  81
170  96
150  70
164  95
211  69
151  78
214  82
211  57
172  82
204  84
149  50
207  83
211  74
169  62
218  58
149  56
166  31
183  70
168  83
205  42
212  45
210 101
152  30
177  59
149  77
186  98
154  51
144  73
187  25
177  54
154  73
162  11
196  71
210  41
208  49
157  23
200  39
150   9
194  55
149  77
212  79
174  50
185  33
159 111
227  91
236  35
176  82
173  47
170 107
167  90
169  53
178  73
161 109
185  74
185  74
179  53
183  65
171  83
183  77
213  64
151  52
169  41
172  58
199   5
193  73
176  98
216  41
187  41
215  34
152  49
216  81
204  68
168  19
145 105
202  32
200  67
192  85
225 101
181  98
214  92
173  80
196  72
141  61
207  53
135 101
141  29
169  65
172  55
187  76
166  97
208  43
175  67
175  70
163  71
222  45
182  54
165  72
199  72
178  82
200  71
151  86
197  79
192  50
195  71
166  66
187  48
163  73
186  60
166  98
166  82
162  65
186  58
200  63
228  74
164  76
204  44
179  74
178  62
180  37
179  69
174  41
201  62
173 104
210  91
177  58
221  82
153  65
175   9
198  74
182  76
218  67
197  75
152  91
211  50
208  54
158  73
207  38
187  50
209  92
161  80
173  50
195 120
188  35
181  70
168  24
157  82
167  95
152  70
175  49
158  60
204  19
153  53
196  43
191  73
189  45
183  13
186  68
164  38
171  83
192 101
186  53
200 115
207  80
149  18
172  78
141  32
187  47
166  43
218  40
166  37
197  57
192  40
197  54
140  53
185  84
173  74
178  49
215  87
178  55
169  59
150  78
190  99
208  50
208  36
192  68
149  69
169  94
185  34
154   5
162  61
165  40
188  82
171  48
166  85
158  22
169  39
161  81
171  67
165  40
173  98
165  42
181  89
202  88
201  74
196  68
230  47
164  20
181  54
195 100
201  69
189  68
147  65
194  27
194  45
182  72
201  45
192  57
169  38
178  64
161  43
143  62
195  38
189  49
202  82
152  55
177 106
169  77
154  76
198 106
163  71
163  94
189 107
169  77
161  60
187  27
178  45
213  80
174  67
229  69
210  67
187  66
176  92
205  81
202  21
155  85
128  32
181  18
153  39
160  63
145  70
189  71
187  41
149  67
168  76
161  11
180  39
188  76
161  65
 50 121
 51  97
 69 109
 57 157
 36 122
 64 129
 30 146
 27 109
 62 124
 48 114
 48 119
 22 119
 52 120
 48 103
 38 156
 37 123
 33 148
 58  98
 86 101
 50 119
 25 112
  7 107
 66 113
 22 138
 61  86
 38  93
 42 152
 76 102
 64 129
 52 143
 45  86
 58 104
 41 159
 58 112
 46 150
 46 104
 68 120
 18 104
 32 149
 78 115
 36 116
 57 138
 27 135
 76  80
  1 112
 38  94
 25 125
 85  88
 29 135
 76 121
 30  79
 48  97
 36 118
  2 111
 45 123
 40 112
 40 130
 55 143
 34 130
 57 152
  0 126
  6 164
 61  89
 42  83
 52 143
 41 126
 44 114
 59 156
 31 119
 52 136
 68 151
 62 123
 38 102
 53 104
 36 132
 43 151
 27 140
 67 154
 52 124
 19 145
 30 115
  0 159
  9 157
 79 152
 28 102
 48  95
 89 133
 29 160
 52 164
 51  85
 58 119
 47 104
 47 146
 35 103
 15 103
 90  90
 78 115
 49 153
 64 125
 19 124
 73 141
 49 144
 36 117
 38 142
 70 113
  6  81
 33 149
 46 122
 74 123
 19  54
 15 124
 31 135
 34 129
 36 137
 43 113
 41 126
 41 147
 34 130
 48 132
 25  72
 47 105
 38 127
 59 111
 47 116
 45 137
  7  82
 49 123
 42  86
 26 124
 62  88
 64 141
  5 139
 34 129
 38 139
 44 105
 75 111
 91 113
 20 158
 62 115
 69  86
 56 171
 69 158
 19 114
  9 145
 42 128
  0 147
 70 105
 37 116
 73  99
  1 100
 71 119
 39 108
 56  76
 24 132
 51  94
 26 139
 46 122
 31 125
 58  91
 32 141
 76 101
 42 124
 80 130
 19 108
 59 142
 31 137
 47 101
 39 157
 42  98
  6 132
 48 101
 45 133
 53 114
 36 112
 21 161
 74 177
 22 122
 62 122
 23  88
 54 162
 53 142
 56  98
 67 181
 21 102
 32 150
 31 110
 10 121
 44 127
 29  87
 75 105
 63 138
 76 117
 54 172
 37 102
 20 125
 68 120
 40 140
 26 126
 32 126
 42 151
 21  94
 69 120
 36 113
 28  94
 72 125
 12 102
 27 119
 10 117
 49 145
 74 133
 57 106
 29 134
 68 111
 27 112
 20 154
 61 104
 73 134
 41  80
 56 110
 45 141
110 135
 49 137
 33 136
 72  86
 28 139
 36 150
 48 123
  5 154
 22 105
 50 132
 59  87
 47 162
 33  97
 76 140
 29 133
 61 119
 10 148
 75  97
 65 108
 51 124
 42 175
 38 140
 79 161
 27 123
 52 159
 64 118
 20 128
 11 146
 31  84
 39 122
 74 134
 77 124
 15  93
 36 124
 45 115
 29  99
 60 117
 17 128
 77 115
 34 101
 76 106
 49 118
 63 129
 61  95
 28  90
 41 127
 31 130
 41 153
 87 165
 13 106
 51 142
 44 112
 38 136
 51 106
 33 133
 55 125
 52 150
 67  88
 36 148
 53 144
 47 109
 35 108
 46 151
 22 123
 16 104
  7 121
 28 123
 20 148
 68 125
 24 106
 58 141
 66 112
 39 151
 14 114
 20 122
 45 113
 38 102
 25 125
 37 112
 93 107
 90 146
 21 144
 19  83
 51 119
 50 126
 30 112
 27 106
 68 127
 38 155
 53 159
 39 163
  4  90
 41 140
 35 134
 34 120
 65 103
 70 146
 42  98
 15  89
 52 143
 20 164
 39 113
 47 121
 66  99
 88 112
 81 124
 31 151
 45 116
 14  79
 52 144
 53 120
 46 130
 74 135
 54 104
 35 116
 64 137
 15 109
 47 127
 61  95
 30  85
 63  93
 54 138
 28 100
 54 111
 30 114
 51 113
 33 117
 74  98
 28 121
 66 178
 53 119
 29 111
 38 153
 54  87
 48 104
 23 136
 83 140
 74 140
 35 139
 22 164
 31 122
 43 174
 60 140
 68 132
 67  99
 52 158
 46 117
  9  80
 41 112
 58 151
 63 157
 72 165
 55 134
 46 121
 13 117
 63 126
 81 150
 58  70
 48 124
 38 138
 21 125
 73 101
 61 115
 36 129
 87 101
 37 141
 59 131
 18 104
 49 111
 64 139
 42 122
 24 131
  8  95
 52 127
 44  93
 61  87
 52 173
 30 130
 15 144
 70 119
 53  74
 57 165
 55 121
 36 114
 27 133
 61 151
 64 111
 79  95
 41 128
 50 155
 82 108
 35 119
 50 103
 39 122
 73 118
 47 123
 57 104
 34 137
  4 132
 49 108
 62 104
 58  81
 41 104
 32 125
 58 114
 76 111
 58 144
 32 129
  4 113
106 111
 32 165
 55 168
 68 106
 58  96
 39 133
 69 146
 30 141
 52  84
 33 136
  8 115
  7 100
 73 112
 55 145
 17 154
 39 147
 33 112
 31 105
 50 139
 48 106
 62 116
 10 141
  7 116
 44  84
 32 147
 12 115
 37 156
 31 117
 50  84
 55 110
 34 123
 75 105
 62 143
 31 143
 50  99
 46 103
 58 135
 62 100
 25 150
 42 116
 45 128
 68 127
 51 108
 58 125
 60 125
 30 122
 39 140
 70 133
 57 137
 62 105
 32 112
  4 137
 63  93
 52 126
 63 141
  4 144
 37 125
 21 111
 71 122
 57 117
 76 128
 10 101
 37 141
 55 117
 39 102
 59 113
 64  97
  9  99
 25 131
 55 105
 66  98
 27  95
 58 109
 25 159
 70 108
 42 150
  6 121
 55 112
 45 141
 10 100
 52 148
 51 132
 46 132
 20 113
 80 108
 27  99
  8 107
 35 141
 65  74
 76  93
 36 134
 43 127
 51 115
 92 142
 58 131
 40 141
 55 170
 37  94
 36  98
 30 146
 48 140
 69 173
 58 160
 22 132
 16  85
 52 141
 45 127
 47 136
 87 165
 62 145
 68 110
 59 112
 35 130
 69 155
 39 136
 32 147
 50 105
 48 100
 24 106
 50 108
 42 137
 43  84
 64 126
  6 106
 68 112
 46 101
 44 113
 96  94
 22  95
 28  99
 38  88
 30 111
 54 109
 39 164
 38 117
 69 131
 45 119
 52 121
 74 120
 51 150
 44 125
 55 136
 23 109
 68 104
 37 138
 31 133
 69  91
 38  98
 38 144
 61 137
 28 152
 29 126
 25 132
 25 120
 31 151
 13 128
 51 143
 52 115
 58 128
 32 100
 38 151
 18 131
 48 154
 31 129
 57 133
 59  76
 37 142
 18 127
 67 101
 46  85
 61 122
 73 168
 54 149
 42 105
 43 125
 23 128
 62  80
 43 111
 90 160
 56 116
 38 112
 16  95
  3 115
 34 121
 47 149
 49  97
 20 118
 26 151
 41 102
 50 142
 44 151
 10 125
 76 131
 54 160
  5 121
 42 154
 48  95
 63 121
 39 118
 37 124
 62 127
 46 126
 40 123
 78 133
 66 148
 55 167
 79 121
 51 150
 90 172
 33 140
 44 100
 43 108
 60 146
 38 111
 49 103
 23 165
 27 108
 29 116
 46  91
 50 128
 54 143
 74 101
 47 121
 46 134
 42 132
 41  98
 60 148
 46  90
 32 125
 69 125
 81 133
 61 114
  8  86
 33 124
 41 155
 40 102
 54 125
 41 117
 25 152
 54 151
 82 127
 80 142
 31 129
 11 115
 43  84
 55 132
 42 134
 27  93
 30 147
 46 155
 47 111
 99 104
 37 136
 67 131
 38 111
 29 132
 36 126
 42 149
 45 119
 33 127
 50  90
 61 126
 26 130
 37 142
 38 128
 52 109
 32 111
 38 132
 90 154
 36 124
 31 117
 39 151
 47 125
 80 147
 14 145
 52 124
 56 109
 62 120
 34 103
 39 129
 69 103
 32 146
 24  99
 69 129
 22 169
 56 146
 56 108
 37  94
 40 102
 45 125
 36 125
 54 108
 32 108
 62 146
 50 131
 35 151
 78 163
 81 100
 49 143
 55 118
 18 149
 88  77
 24  77
 63 136
 60 145
 47 137
 11 106
 55 123
 21 122
 37 108
 27 110
 33 129
 29 148
 38 135
 71 112
 60 133
 38 118
 60 124
 69 106
 12  90
 19 150
  3 101
 34 125
 35 122
 60 156
 46 126
 56 104
 76 114
 59 121
 43 113
 44 124
 61 111
 31 100
 49 107
 36 106
 53 131
 75 119
 52 134
 60 153
 45 111
 32 127
 34 106
 39 131
 72 111
 49 136
 24 116
 25 118
 59 146
 33 100
 45 159
 39 100
 49 119
 81 132
 61 113
 18 116
 42 120
 49 148
 26  85
 77 114
 39 128
 34 151
 12 100
 71 103
 29 129
 57 118
 24  99
 18  86
 60 126
 55 151
 42  91
 14 133
 63 128
 16 143
 33 136
 46  96
 38 123
 58  72
 16 139
 52 136
 15 124
 49  97
 39 122
 37 161
 32 157
 56 146
 37 123
 50 103
 44  96
 16 113
 64 114
 38  97
 65 112
 33 141
 48 118
 34 140
 58  98
 46 100
 60 114
 25 136
 32  86
 47 131
 14 145
 27 120
 34 131
 69 114
 52 140
 43 124
 61 117
 35 101
 35 142
 80 162
 72 123
 42 129
 36 150
 39 144
 58 114
 52 108
 32 118
 43 136
 65  79
 56 141
 94 142
 69 110
 37 110
 31 134
 50 138
 63  95
 43 124
 66  89
 68 155
  8 116
 52 108
 50  93
 40 136
 44 140
 39 143
 51 132
 34 130
 64 130
 22 100
 32 121
 59 110
 35 122
 70 134
 65 107
 33  81
  8  99
 22  69
 77 148
 19 114
 36 141
  1 125
 46 124
 37  95
 34 145
 38 156
 62 139
 24 105
 51 124
 23 138
 91 106
 75 101
 60 108
 52 159
 24  80
 67 130
 47  89
 58 119
 37 105
 34 117
 64 175
 40  91
 20 135
 33 113
  8 151
 30 145
 31 117
 45  80
 30 102
 15 123
 31 128
 38 124
 65 119
 28 140
 46 132
 76 114
 23 129
 66 111
 40 111
 82 124
 14 141
 21 149
 34 136
 56 115
 28 150
 47 110
 63 112
 79 126
 36 151
 24 133
 60 109
 63  96
 45 116
 45 158
 38 138
 75 124
 40 177
 61 125
 48 132
 55 130
  5 169
 31 147
 29 101
 71 145
 47 164
 39 145
 58 115
 43 101
 38 141
 65 108
 43  98
 52  88
 37 138
 57 135
 21 114
 16 106
 43 131
 26  94
 78 155
 58 130
 38 102
 72 121
 34 100
 56  76
 46  86
 25 122
 42 112
 45 146
 31 105
 90 136
 28 114
 41 122
102 127
 13 115
 53 118
 39 142
 41 115
 50 100
 29 128
 43 134
 34  99
 36 149
 43 154
 12 125
 52  97
 51 166
 56  98
 78  71
 77  96
 40 147
 25 156
 23 112
 44 124
 64 120
 31 120
 64 103
 46 124
 29 146
 68  86
 43 160
 48 104
 46  96
 31 164
 54 118
 28 115
 81 147
 22 122
 59 127
 53 128
 29 131
 44 161
 40 125
 35 119
 88 134
 66 135
 66 108
 55 104
 60 122
 16 136
 52 123
 29 129
 27 121
 64 125
 49 110
 38 163
130 136
103 138
136 157
106 151
123 145
111 177
 90 146
115 134
140 149
127 153
 65 192
122 175
 99 193
144 145
 92 147
 92 121
 63 122
 82 150
115 122
134 117
 83 117
145 171
111 109
134 158
154 138
 90 172
112 130
 94 155
 91 182
102 185
 79 175
131  84
145 145
139 148
131 172
132 188
 74 152
109 130
114 179
 89 111
 56 115
138 100
108 138
139  97
 76 155
140 142
122 176
150 139
111 136
 95  99
136 150
129 142
117 151
 96 147
131 145
 96 162
120 191
121 111
105 141
143 170
108 142
108 152
138 194
170 167
 99 133
108 184
114 150
119 144
155 119
151 132
122 121
 77 161
127 153
162 134
 96 175
124 145
 95 163
 54 128
101 134
 60 110
116 114
 70 137
111 153
120 151
163 135
 84 155
142 123
113 141
 76 189
 61 157
110 105
130 189
116 151
102 131
 96 169
 80 152
 89  97
160 141
137 140
 76 177
116 177
115 153
160 180
117 121
101 123
111 110
145 155
108  59
 98 144
 83 165
113 121
109 143
 96  95
112  97
110  74
120 183
 84 150
 84 179
141  84
113 129
100 132
126 137
145 123
 96  83
127 190
138 162
119 145
134 152
128 183
124 175
114 114
 97 151
122 141
103 146
155 162
 92 109
160 149
173 131
116 141
139 107
115 141
156 137
103 144
100 140
144 156
110 141
 81 187
123 135
160 128
 77 103
118 142
 67 153
116  96
112 163
 99 179
109 139
105 145
 86 146
 85 165
110 149
134 170
124 133
119 162
144  59
137 121
123 141
121 171
116 198
 69 140
157 149
103 151
 86 187
115 142
123 189
 70 143
125 162
115 139
108 122
102 127
101 127
153 188
130  73
117 145
 82 161
111 146
122 161
101 149
126 158
169 100
138 144
105 157
148 109
125 114
156 156
108 142
146 154
132 114
143 139
115 122
128 121
143  81
104 121
122 168
120 175
111 205
132 128
 81 153
129 102
125 101
116 165
129 134
 93 165
 83 171
 99 127
116 163
112 125
119 116
122 132
 85  82
 66 151
115 154
134 181
169 152
112 184
122 178
112 158
148 139
141 106
 84 206
 97 183
103 129
 99 117
125 163
110 152
130 137
101 149
116 156
 98 149
166  80
114 118
139 158
 94 128
123 157
 89 136
120 129
155 152
 61 155
100 155
100 178
 98 169
103 106
 86 163
100 144
 97 139
159 165
132 101
153  91
126 106
 96 172
136 144
148 129
111 200
128 112
157 157
120 128
 79 173
102 161
138 167
117 153
 83 155
 89 149
130 128
112 160
114 126
118 143
114 131
168  88
 94 133
106 169
120 131
 86 148
 80 124
117 134
 86 154
108 151
141 159
122 127
126 187
126 135
126 160
152 110
 97 193
 98 154
109 161
143 123
 82 132
115 140
166 173
120 131
 91 230
112 169
113 140
105 124
 98 119
126 123
 83  72
 96 154
149 174
 72 102
112 137
104 131
157 144
124 118
 89 161
116 124
127 144
 55 144
148 132
118 154
132 165
114 122
119 148
106 155
 71 124
117 124
143 163
113 187
111 150
 89 129
 82 134
128  70
 82 116
122 122
105 119
 97 140
121 161
169 132
123 192
151 112
 86 174
 77 158
 77 133
124 139
 99 148
 72  92
108 146
112 141
115 137
112 132
 91 123
 94 157
140 153
 80 142
154 161
118 142
131 124
 87 112
 94 156
103 181
 91 161
108 155
124 196
 77 147
124 166
115 139
134 167
 79 162
 93 121
105 105
 90  97
127 172
108 132
 88 137
 92 151
115 156
107 103
 83 151
140 140
 98 159
130 118
121 162
 94 185
117 160
150 170
131 173
113 143
 76 117
 87 165
124 161
152 102
 91 183
141 143
149 169
109 123
109 124
133 142
160 148
119 142
 95 164
127 148
101 174
178 149
148 118
119 159
106 150
102 116
132 143
132 168
116  96
 48 115
170 202
103 184
118 109
112 144
109 116
133 132
109 182
132 140
115 147
142 105
136 193
107 139
125 149
137 181
141 181
157 137
139 117
118 162
102  73
 69  83
129 122
113 120
 89  91
 78 193
128 179
104 146
 56 102
154 101
119 190
113 139
132 195
 95 229
112 146
 88 139
109 162
139 166
123 141
166 131
103  99
102 114
113  86
117 155
112 165
126 159
117 152
139  80
119 181
121 102
 92 179
145 196
135 106
106 132
163 163
126 150
 83 133
108 161
113 143
180 127
 85 169
137 210
154 137
 71 166
134 145
 91  82
 58 101
113 179
 79 108
123 156
134 123
130 101
111 119
118 183
139 125
133 171
103 107
140 156
130 101
132 120
152 116
139 153
117 176
153 116
153 173
101 166
 97 119
155 120
127 100
 57 147
144 153
120 166
148 159
114 159
100  88
171 138
157 186
 98 147
145 214
110 147
125 141
129 205
128 122
106 145
127 148
117 180
 86 115
156 140
122 205
104 119
120 152
122 103
125 214
105 167
131 173
118 142
116 141
 96 169
110 116
103 169
150 155
129 131
129 106
110 175
147 147
124 178
114 160
 98 144
125  99
 98 149
 59 100
 97 124
144 187
148 165
147 164
141 195
110 171
 96 183
 96 130
 83 180
102 116
 86  74
116 123
 71 160
160 139
157 195
 74 155
115 184
122 127
110 138
115 118
122 143
118 149
 98 185
144 120
 99 164
155 120
156 205
133 157
126 114
 86 135
148 122
 96 160
 95 144
 85 139
 91 146
110 154
 99 159
159 136
124 122
 69 181
127  95
100 131
138 134
 57 159
117 128
130 124
106 136
111 122
104 121
107 168
 98 166
120 119
111 128
128 118
109 148
154 181
124 120
122 122
128 154
102 144
161 101
146 165
176 131
138 162
144 126
116 152
130 146
126 103
 69 119
 84 169
183 174
100 152
131 113
100 153
142 135
126 118
118 155
109 137
120 106
127 174
 93 160
123 127
101  77
122 143
129 176
112 176
108 159
102  61
 99 106
128 147
 85 125
 90  92
113 147
136 138
137 120
127 132
105 109
119 186
136 130
 99 141
142  89
110 151
107 146
114 145
 88 167
 90 122
132 143
135 166
102 121
 85 151
105 161
148 140
 86 125
113 163
 67  95
101 196
110 164
121 162
 85 116
107 210
178 145
 85 172
103 181
 59 134
124 149
 87 105
 79 121
 94 161
135 180
117  78
 88 111
102 174
101 147
132  88
110 109
112 174
112 126
103 108
108 144
 89 173
 83 134
123 197
 86 100
131 218
111 156
145 154
106 177
113 130
148 123
 94 142
 95 123
 79 132
110 153
 97 119
 95 125
119 154
130 154
147 178
123 155
159 179
125 127
 91 117
100 140
133 101
145 136
 90  91
135 119
102 144
129  91
123 120
112  99
118 149
127 119
110 156
 93 161
101 171
137 160
 93 143
106  97
147 161
 77 169
 74 171
148 116
 88 173
113 148
 97 158
158 145
144 134
134 155
105 143
109 107
119 139
 94 208
 56 112
128 167
120 165
105 110
 70 150
117 194
 68  89
149 138
131 140
115 169
 78 147
 97 119
105 131
125 148
132  85
 74 120
152 169
132 132
129 106
118 155
153 195
120 108
136 158
114 103
136 154
140 160
 84 128
153 123
103  65
114 193
142  97
 83 159
118 139
156 137
 97 149
 91 161
123 174
110 145
 90 138
131 123
112 155
121 109
147 172
118 106
125 101
 72 126
 86 132
132 170
158 107
144 129
154 140
122 178
 88 180
109 135
115 118
132 134
137 122
149 150
106 154
118 120
 78 145
149  74
150 165
104 168
153 141
136 127
131 116
 76 178
 90 121
105 187
129  84
110 163
112 121
124 137
116 178
 88 144
138 177
115 117
 82 129
 79 119
129 164
 93 133
124 133
111  76
 94 127
107 122
 89 140
102 145
122 102
155 184
151 162
113 112
 71 173
154 104
122 195
 94 161
160 128
150 173
 96 106
148 145
148 139
125 207
105 173
140 123
102 148
 99 149
142 138
108 127
114 139
108 173
124 153
149 122
119 186
143 106
122 164
144 131
 89 116
106 158
 85 179
105 116
110 148
122 170
160 106
 71 145
124 184
 55  81
108  68
123 226
118 116
143 125
162 139
143 141
 68 203
122 204
 78 158
140 182
 81 121
 83 131
124 159
110 176
148 169
145 176
134 176
136 137
117 140
 81 134
137 114
129 156
 71 178
133 132
105  99
103  91
110  95
 93  99
113 187
130 101
103 132
143 126
103 123
135 126
107 124
 76 121
119 161
 81 136
124 147
117 120
 91 166
119  96
135 139
123 124
144 135
154 139
131 196
120 116
161 125
111 183
108 114
120 123
 96 130
135 127
126 187
 98 152
155 146
168 115
164 173
 93 102
120 157
 98 150
118 121
100 176
114 154
127 107
137 156
139 168
 73 147
117 147
126 138
156 183
104 172
 77 163
133 202
 86 136
 94 144
 69 198
115 114
100 179
152 135
118 167
112 170
 75 169
119 161
160 150
 91 119
132 139
112 110
 84 152
 99 190
129 163
109 162
124 163
116  63
 94 153
124 167
149  88
125 187
119 145
142 104
135 107
107 142
108 171
121 195
109 173
167 148
129 133
139 194
107 176
100 147
129 118
135  94
111 170
118 141
102 116
118 118
 87 122
156 112
100 151
155 155
141 112
112 129
111 129
 90 156
126 146
 77 148
134 192
131 169
126 143
 92 155
102 169
123 116
117 138
149 137
100 145
115 162
132 155
111 144
115 131
130 158
106 135
123 154
122 151
150 121
131 152
116 126
148 156
138 147
128 145
127  74
108 138
100 115
149 169
140 152
122 128
106 160
 75 117
 88  97
106 144
123 171
136 153
113 117
103 150
144 128
124 126
174 144
155 145
168 158
190 131
159 151
161 116
186  99
181 126
140 137
181  95
152  88
133  83
181 140
137 136
168 125
198 102
203 141
162 120
153 122
213 136
151 145
164 120
204 122
195 133
176 155
134 113
146 107
168 143
190 140
182 129
166 111
159 141
175 125
130 135
158 157
194 160
151 119
169 145
162 123
166 177
167 159
158 115
175 135
195 154
196 143
177 146
163 141
161 137
179 118
145 139
132 159
181 145
146 125
167 174
147 126
152 146
188 106
178 117
177 121
162 144
187 133
138 139
137 146
177 120
142 129
165  88
103 156
117 137
166 166
171 126
200 131
145 100
150 145
176 117
174 165
151 165
168 140
203 162
135 126
212 136
131 144
153 168
180 125
142 137
184 136
195 119
167 126
148 150
167 150
187 156
157 161
174 132
205 115
130 129
134 131
188 133
169 155
159 147
149 122
146 120
159 111
148 177
183 133
187 112
154 160
200 161
149 137
177 148
161  96
145 131
184 155
147 181
141 142
180 149
155 151
167 137
196 112
164 135
159 128
138 129
221 106
200 148
118 116
170 119
197 148
197 104
153 129
171 144
144 122
159 120
198 123
179 109
170 165
167 129
171 109
158 100
147 116
200 130
160 169
148 174
166 138
194 118
177 146
227 121
131 161
223  98
194 134
132 141
168 131
201 144
164 146
170 148
185 128
154 141
153  85
177 134
181 150
157 123
214 134
181 133
167 176
170 140
152 132
107 104
181 127
183 130
138 172
186 116
150 133
159 131
134 148
203 148
213  99
150 160
125 107
176 107
167 113
155 174
164 145
201 135
192 125
166 115
196 131
152 137
199 130
204 113
164 140
168 108
171 144
181 156
137 131
197  93
212 114
169 134
179 139
146 132
158 105
176 105
196 132
141 130
158 146
151 154
161 151
178 139
176 125
157 160
143 120
174 150
226 100
165 114
127 102
176  93
190 133
169 150
212 138
194 123
161 138
170 108
166 130
183 155
182 114
220 161
142 108
136 133
159 114
160 159
166 146
160 119
168 127
145  98
154 148
159 126
173 135
156 130
174 141
154 133
159 142
155 156
209 132
163 154
137 138
171  98
171 124
122 109
139 145
144 143
170 131
175 120
131 157
172 127
180 132
178 125
194 126
160 142
177 130
159 120
165 137
202 131
174 136
170 127
173 132
144  96
130 105
190 152
171 116
150 143
196 109
179 133
182 145
168  86
148 142
143 127
178 158
159 124
165  99
167 140
146  60
169 148
163 105
192 102
163 128
144 124
162 118
171 119
154 129
152 134
182 150
190 164
114 129
190 126
183 125
195 116
179 112
121 124
192 134
166 136
178 146
160 118
190 137
154 146
181 168
149 147
148 133
195 123
169 102
138  94
190 157
168 162
197  74
166 103
182 123
121 123
216 161
149  84
165 161
129 128
156 153
175 131
181 172
234 139
176  67
202 157
148 144
195 161
186 156
164 155
184 116
169 137
169 115
142 137
182 169
122 121
155 141
158 143
162 123
192 116
140 118
155 136
182 113
171 136
161 145
178 157
172 116
125 149
155 115
182 134
154 146
139 163
166 123
202 116
201 128
153 125
171 120
131  93
148 157
197 136
138 111
172 133
229 126
183 119
136 149
186  90
145 143
181 113
157 124
172 128
182 147
175 142
166 107
179 129
104 117
176 167
148 142
207 130
189 110
167 106
147 136
145 136
142 135
154 162
147 116
207 134
174 141
171 108
159 155
194 107
201 135
162 127
163 140
162 135
141 128
175 106
210 134
195 117
178 114
194 124
162 102
145 152
199 144
192 139
167 158
126 141
149 181
196 165
163 140
148 138
177 149
150 122
129 136
158 128
135 122
162 131
164 143
193 136
160 184
155 152
155 133
196 122
165 125
163 130
146 150
188 108
142 133
141 134
190 110
146 100
162 167
193 142
181 133
163 132
188 181
163 163
166 142
180 152
193 140
173 139
148 125
203 120
160 132
161 157
206 149
204 169
177 129
149 129
148 162
183 129
164  97
151 121
156 145
162 120
194 136
153 163
145 149
188 104
155 124
165 139
168 169
175 117
168 129
114 131
142 174
142 146
197 116
182 113
168 152
131 143
185 137
132 100
155 125
145 158
195  97
182 152
167 168
152 148
186 173
212 119
119 128
 98 172
151 117
167 166
194 139
190 123
205 160
175 143
149 126
162 110
163 114
228 115
175 167
167 127
146 109
159 131
185 130
146 141
151  99
166 100
151 160
158 126
172 153
179 109
134 155
182 127
154 116
190 129
181 144
156 115
197 148
181 161
188  87
181 153
164  74
161  94
191  96
164 133
194 112
130 125
196 143
162 142
121 174
160 133
157 167
165 138
168 145
111 130
137 131
148 140
165 129
166 152
157 145
174 150
171 119
218 111
184 154
151 124
138 172
151 178
164 138
192 153
149 150
174 129
221  89
128 163
163 131
174 118
228  89
211 126
201 142
179 139
172 115
175  99
221 173
189 116
151  93
 87 135
170 142
161 136
147 148
125 134
142  98
200 132
174 138
176  83
225 143
138 114
193 142
166 127
174 135
213 124
164 140
185 151
179 180
182 109
211 109
143 114
196 130
173 120
212 154
194 141
166 125
163 108
172 124
144 166
148 145
169 117
157 126
169 159
156 139
168 131
173 118
212 104
179 125
175 121
188 152
165 130
164 166
186 159
174 106
140 143
165 109
169 147
147 151
150 105
197 146
174 134
123 161
141 131
141 141
173 110
170 152
173  83
176 100
174 142
152 155
186 126
168 109
187 134
134 148
177 108
180 124
208 118
178 160
143 115
130 113
181 168
164 139
183 141
146 141
176 138
133 132
150 157
200 147
178 155
180 111
188 134
184 153
169 131
169 150
152 110
187 145
150 122
160 128
178 154
150 122
142 125
164 135
138 148
200 127
161 110
170 141
153 128
190 135
171 153
176 116
163 157
135 135
160 129
144 124
158 134
170 153
168 156
171 173
171 134
159 121
182 115
194 117
185 129
151 136
121 143
174 143
209 109
167 113
186 136
166 136
187 123
139 143
146 135
190 121
194 121
170 153
179 131
175 149
201 116
183 114
158 139
152 124
155 134
164 152
168 166
216 138
194 129
176 112
157 154
167  99
222 128
196 121
189 139
201 135
184 130
207 103
172 156
184 131
131 117
153 154
174 110
129 139
174 131
153 125
146 157
137 118
155 120
192 108
145 125
249 118
180 113
150 122
222 121
176 137
185  90
170 105
149 105
172 120
156 161
170 134
182 165
158 127
171 130
123 182
167 116
188 166
185 142
177 136
189 163
122 134
140 127
166 128
189 107
188 104
218 164
156 138
136 142
175  88
216 192
149 128
149 106
170 143
164 116
172 148
169 133
148 133
166 133
140 142
165 106
160 120
156 114
117 114
171 139
143 142
176 117
171 137
180 144
167 119
232 114
184 113
198 133
156 121
196 119
123 122
151 119
160  80
194 120
220 151
166 146
161 158
156 148
190 106
181 133
222 141
152 118
166 119
171 138
195 159
208 138
181 125
180 128
200 132
150 128
157 119
164 148
208 126
174 135
155 148
207 177
173 116
166 139
191 104
137 144
174 158
147 135
168 142
146 120
187 125
174 142
177 154
209 146
151 160
110 169
133 129
181 141
166 117
200 150
202 152
179 129
193 121
183 152
215 123
177 116
186 164
167 142
157 155
224 159
171 114
170 110
154  90
164 148
188 125
209 124
155 110
174 126
186 118
181 112
165 144
154 110
192 122
181 108
140 149
159 159
165 137
175 145
174 119
191 125
183 111
150 139
167 103
156 159
150 160
170  91
141 146
147 113
166 117
211 127
139 111
159 128
131 135
190 157
150 126
150 104
175 134
154 144
220 155
148 131
120 136
146 127
163 104
163 157
178  90
179 115
171 108
180 158
178 152
163 124
142  96
188 130
189 130
152 180
173 132
170 148
168 133
157 122
187  88
186 115
168 122
163 140
171 161
151 158
145 137
152 129
125 148
169 151
137 115
197 151
141 163
176 155
169 155
158 124
144  92
180  99
102 147
128 119
144 158
172 162
209 133
153 120
177 151
210 145
195 133
182 106
144 112
147 133
175 139
165 115
151 117
164 130
164 146
163 115
221 145
168 145
173 103
145 104
182 116
181 111
123 162
177 137
169 105
148 118
196 146
189 137
148 146
152 144
175 165
158 129
179 126
166 170
201 129
176 113
166 148
169 170
135 136
197 110
139 126
192 139
185 136
142 124
187 129
153 141
131  90
175 140
166 136
174 127
126 146
169 162
179 141
182 125
180 137
162 150
154 106
173 122
193 120
164 100
176 144
151 120
149 152
188 175
162 128
159 132
173 126
162 153
154 165
155 111
181 136
174 127
176 147
159 127
175 112
167 130
195 151
233 144
187 145
200 133
182 130
165 148
156 118
146 141
176 137
177  94
173  86
169 153
117 126
181 141
166  98
188 132
167 100
186 171
129 110
166 133
163 133
194 101
162 143
183 113
152 124
123 164
202 163
170 142
187 133
153 174
179 142
128 155
193 105
204 153
172 105
163 148
158 135
166 151
189 144
146  95
169 124
174 170
148 162
153 122
170 116
185 106
197 117
192 126
173 150
151  96
