 51  76
199 245
186 231
157 185
197  88
141 113
197  88
119  86
183 108
201 114
183 123
159 147
145 105
179 127
193 101
151 124
166 112
148  75
124 131
132 182
218 146
157  56
182 127
177 106
224 123
168  79
175 124
169 146
103  57
147 115
126 157
174  98
168 114
151  88
116 114
128  86
177  73
199 113
188  75
136 103
185  77
161 140
184  87
133 138
167 108
182 127
145 116
132  61
137  96
221  92
174 114
180 123
167 115
157 145
213 130
171 105
186 110
222 120
190  84
136 136
171 112
182 111
169  97
136 100
183 118
159 143
127 170
119 136
160 104
161  72
150 126
168 111
202  80
169 118
147 105
150 113
177 135
142  81
180  92
193  81
212 149
169 153
202 112
120 154
154  99
172 125
221  98
169  98
130 128
143  83
144 132
123 111
129 106
155 124
211 106
152 127
213  91
207  92
178 107
140 104
159  92
190  87
165 153
136 113
140  76
193 103
133  94
133  94
195 157
192 103
203  96
145 167
122 101
161 117
229 142
177 153
131 146
163 170
190 142
138 107
203 109
197 117
148 126
202  97
190  98
121  81
128 140
151 112
139 126
132  74
212 135
143 115
199 103
188 135
176 112
157 123
181 145
143 135
159 113
178  74
195 134
166 115
151  89
201  98
145 116
142  82
171 135
165 125
187 148
176 108
169  83
171 113
132  97
145  72
152  78
198 133
156 104
141 108
242  98
108 106
145 129
163 114
104 111
185 130
129 104
165 110
170 105
147 111
156 112
200 161
183  63
160  92
160 125
175 116
169 134
192  87
147  83
162 152
149 112
169 111
168  88
143 132
177  90
170 123
132 109
189 103
170 108
176 128
210  66
206 107
201  91
166 119
138 118
224  75
151  86
210 105
185 111
187  57
194 120
188  98
176  92
208 160
200 100
137 125
127 117
220  74
161 128
187 119
179  69
186 120
126 118
142 103
222  92
102 100
168  80
199 105
112 140
196 121
126 118
160 127
152  95
163 134
216 135
172  83
127  77
207  95
177 101
186 129
160  82
135 165
128 135
158 114
169  91
184 104
162 116
193  86
166 115
158 103
152 118
132 116
158  95
148 156
186 108
151 131
168  60
170  85
184  96
116 129
145  80
163  87
165 121
168 119
146 145
217 108
239 114
192  87
155 126
127 152
157 116
217 118
166 109
116 128
154  95
138 127
173 113
148  82
194 116
149  98
156 116
139 110
178 151
175  41
163  67
154  76
178  89
163 101
184 146
251 121
194  98
176 107
182  99
125  82
187  94
150 109
185 123
118 119
130 107
156 127
191 144
154 135
148 124
151  92
127 117
132 125
162 146
115  96
163 116
161  87
196  76
183 132
170  68
213  82
181  98
159  65
177  99
182 108
187  82
139  85
155 114
183 107
161  94
139 153
130 141
195 106
140 102
165 137
102  89
208 112
181  57
136 110
174 149
186 142
189 115
176 122
196 115
158 132
191  97
163 124
134  88
182 126
140  92
153 126
149 143
188  79
123 111
148  79
175 126
155  93
160 192
173 100
176  64
154 100
163 124
173  98
157  97
159  94
211 105
158  98
113 116
198 104
166 153
164  99
127  84
168 104
192 119
201 105
174  85
187 134
130  94
206 104
162 121
194 122
 98  97
196 122
174  80
192 120
145 126
165  93
201 119
162  98
123  93
160  85
189 110
131 103
190  64
166 130
138 125
147  89
174 104
117 103
185 119
140  95
150 102
110  91
163 118
118 150
171 103
157 122
163 125
172  93
145  83
154  82
140  65
208 109
139 128
125 108
163 118
203  64
217 102
174  91
121  94
173 124
201 109
159  69
148  81
202 150
128 139
187  93
168 110
155 113
193 123
142 124
182  80
175 100
221 135
143 119
140  82
174 113
151 101
159  84
140 156
146 149
157  94
131 118
157 105
227 130
137 101
132  93
206 131
176 135
149 121
143  81
182 130
135 116
149 120
125 109
212  97
146 119
184 147
158  84
179  82
107 132
151  95
182 122
129 120
147 115
132 110
119 102
128  90
169 134
220  99
139 139
159  98
175 121
228 110
184 126
124  80
208 126
176  91
101  90
156 116
203 101
190 127
201 112
150  97
143 113
190 138
167 130
189  89
201  87
146 118
139  77
186  89
119 112
134 104
131 109
130 123
231  61
161  92
157  75
134 105
127 124
167 112
149  73
149  97
142 140
177  87
124 101
180 121
153 113
152 123
159 110
198 138
156  87
118  85
138 108
188  94
182 100
184 152
158  77
176 109
169  91
198 121
200 130
158 100
143 105
190 111
142 107
158 147
179 140
101 154
155 152
139 130
146  95
148  70
122 129
149 135
154 104
170 128
140 102
135 137
126 145
129 115
173  64
148 127
191 122
176 101
146 128
199 143
161 119
175  94
192 116
113  96
119 114
194 134
181  84
180 107
157 135
188  52
194 109
189  96
194 112
156 115
121 120
154 114
212 129
185 106
174  79
129 109
185  96
160 125
146 111
188 130
135 132
156 116
124 114
161 114
159  74
183 129
158 134
171 117
157  61
181 107
200  88
152 142
191  93
170 120
194 127
168 114
201 120
186  93
172 109
130  83
137 138
214  93
167 118
120 103
144  83
149 128
152 138
160 131
216  92
181 108
163 127
139  96
187 126
157 101
167  90
155 100
162 121
154 128
192 110
154  82
156  91
135  82
174  91
165  87
200 115
164 151
162  95
160 119
117  99
224 130
139  81
173 139
175 134
171  95
146  62
163 112
147 125
188 117
155 130
181 150
132 122
170 123
147  85
150 129
149  66
188  87
127 119
156 107
161  93
140 136
185 116
118  76
163 108
137 139
147 107
165 153
127 134
132 107
180 150
178 126
153 110
155 106
127 128
138  80
165 136
166  93
181 136
109  94
157  61
135 120
180 104
171  68
177 117
163  77
225 155
183 132
212 111
206 119
169  79
141 106
153 112
158  82
156 110
191 108
138  86
 96 138
141 109
188 121
 81 148
193 111
147  85
169 103
172 117
180 106
161 129
143 100
164  76
207 114
163 138
192  99
161  79
144 130
171 105
162 123
200 153
138 109
172 112
158 101
205 116
147 143
189 105
163  92
163 122
169  94
175 101
211 114
 98 109
155 128
111  74
146 109
191 124
181 106
106 155
138 114
179 101
153 118
167  74
186  75
190  79
149  98
183 145
160 128
133 106
145 126
175 112
187 123
175 113
131 139
166  72
172 141
137 135
151 123
194 106
133 133
219 118
160 109
154  93
137  89
175  98
150 126
194 102
133 101
168 134
116 116
150 132
148 113
151 128
221 116
172 108
154 122
177 119
177 113
163 151
192  86
207 114
132  99
111  93
158  99
177  90
123 143
150 102
194 104
126 133
170 115
150 137
192 121
164 118
187 116
128  73
198 103
174 159
140  81
202  84
171 106
189 118
182 150
136 145
180 124
191  74
174 103
161 112
170 140
167  97
143  53
135  83
141 167
181 113
161 125
211 113
165 112
226  85
211 116
203  87
138 137
108 103
199 144
205  71
123 102
208 119
134 115
144  72
142  98
177 130
206 117
155 102
202 100
 97 105
170  90
149  97
151 145
162  91
170  84
220 111
203 118
148  87
177  85
173 108
 92 118
144 114
173 133
204 106
199  70
151 119
118  70
189 122
189  94
180  93
236 108
160 103
187 112
194  70
154 111
220  95
173  93
150 117
171 123
200 101
192 129
156 101
184 112
204 112
169  67
147 125
171  80
 94 120
107  76
169 142
171 112
152  67
143 117
193  88
134 137
238 151
150 122
149 156
156 126
201 143
123 136
180 105
147  95
168 135
174 152
210  72
192 122
196 105
144 141
183 117
201 117
141 117
146 129
195 100
129 148
126 100
129 114
207  66
212 130
180 136
182 101
157  93
173  95
174 120
134  91
202 132
181  88
180 105
169 133
178 108
149  87
154 117
161  89
117 115
145 109
153  89
119  68
194  89
171 119
179  87
161 118
201 110
169 153
210 103
190 103
198 140
215 116
161 106
169  97
181 102
163 137
206  90
186  78
202  98
106 162
193 111
131 153
145  94
209  72
134 101
166 102
126 147
155 151
133 128
164 108
204  97
147 110
169 124
179  82
136 106
182  88
178 118
175 117
187  95
167  86
128 102
123  97
148 124
172 118
175 101
157  75
200 142
114 130
195  79
160 127
192  95
193 109
143  92
153  86
193 109
167 126
175 100
213 146
144  73
124  88
129 114
166 103
136 116
151  75
167  84
193 136
218  90
157  84
164 100
159 143
165  69
124 110
126 124
101 112
206  96
173 156
151 137
201  87
201 107
131 112
143  78
157 137
143 107
150  75
134 160
113  93
207 122
153 112
193  93
160 103
195  88
127 109
244  68
191 102
128 110
148  93
139 107
144 138
149 103
156  93
204  95
182 110
146 131
188 138
208 117
142 112
158 116
141 110
151  93
157 138
142 147
135  86
174  98
144  79
123  88
169  96
189 111
149 102
216 101
194 113
168 110
159 125
177 141
161 121
149 106
191 100
102  95
157  98
154 138
153 111
170 124
195  97
193  98
203 107
177 140
173 138
179  78
157  65
133 126
164  83
173 102
139 155
153  78
138 115
159 132
146 155
168 125
170 153
152 109
172 111
196 122
171 126
139 101
 54 102
 49 104
 47  84
 38  76
 17  74
 20  91
 42  48
 45 108
 92  39
 89  71
 45 102
 45  85
 63 101
 33  53
 59 105
 31 100
 31  63
 67  92
 27 123
 72 113
 37  63
 27  75
 83  72
 47  70
 67 107
 42 113
 30  65
 41  95
 57 102
 57  82
 86  51
 27  80
 56  83
 85  86
 61  86
 44  98
 68  84
 45 106
 90  94
 47  56
 32  83
 33  66
 55  81
 64  68
 46 130
 83  93
 49  94
 28 101
 57 114
 69  31
 82 108
 30  61
 54  80
 66 100
 29  87
 21  86
 12  99
 48  62
 35  95
 59  54
 66  56
 50  72
 66  49
 58  36
 33  94
 55  78
 98  91
 75  89
 40  88
 42  85
 62  81
 20 117
 52 143
 46  59
 49  95
 46 105
110  91
 86 105
 83  70
 49  81
 82 101
 46 103
 41  83
 49 117
 73  99
 72  55
 66 131
 77 106
 28  82
 78 145
 42  59
 15  35
 91  85
  7  74
 67 106
 54 106
 83  87
 55  54
 53  88
 60  55
 49  58
 81  87
 65 102
 30  82
 26  69
 60  39
 26  59
 74 107
 25  74
 26  59
 97  62
 67  93
115  49
 67  76
 40  93
 28  81
 62  95
 57 101
 74 114
 57 119
 82 102
 48 107
 17  91
 35 104
 81  42
 31  84
 73  91
 18 105
 42  81
 63  70
 92  79
 14 120
 43 113
 35 105
 34  79
 23 103
 73  74
 77 118
 60  99
 45  94
 61  80
 18  53
 55  49
 10  82
 68  93
 15  71
 80 120
 34  60
 42 154
 58  62
 93  81
 40  58
 57  68
 58  67
 77 113
 67 107
 86  90
 43 113
 43  99
 47  46
  6  76
 32  71
 61 118
 27 107
 72  79
 22  73
 51  96
 84 111
 70  77
 60  65
 70 115
 35  96
 47  66
 14  93
 70  94
 49 122
 52  89
 62  69
 83  96
 56  86
 17 111
 38 106
 31  59
 63 101
 36  68
 65  95
 12  91
 57 107
 60 104
 61 118
 48 102
 79  82
 48  76
 34  85
 62  77
 30 103
 17  81
 76  72
 78  78
 33  84
 72  86
 37  80
 24 100
 61  78
 51 111
 84  78
 73  79
  5  68
 36 113
 15 123
 91  95
 51 103
 70  26
 49  72
 49 100
 45  98
 69 102
 68  56
 42  89
 74  57
 45  76
 43  58
 70  77
 36 122
 54 115
 41 109
 42 106
 84 115
 50 112
  0  85
 20  58
 36  81
 45  97
 52 129
 88  83
 66  78
 41  84
 81  89
 26  98
 28 114
 78  67
 18  16
 60 113
 32 103
 35  74
 50  73
 33 101
 46  69
 58  75
 34  84
 37  80
 32 107
 57  87
 46  76
 51  71
 58  54
 43  92
 45 131
 40  97
 49 151
 35 105
 61  47
 87  57
 72  93
 49  59
103  53
 80  95
 69  97
 44 102
 56 104
 37 109
 50  92
 58  76
 48  62
 20 124
 84  66
 55  96
 66 155
 47  74
 70  72
 59  53
 40  94
 71  66
 51  79
 61  97
 83  98
 49  73
 77  77
 59  96
 48  79
  5 119
 20  90
 61 119
 41  49
 75 128
 69  89
 44  62
 57  84
 28 106
 59  53
 85  76
 19  66
 83  56
 29  79
 54  93
 41 108
 64 108
 57  67
 55  82
 43  91
 56  84
 71  98
 37  85
101  89
 49  88
 42  89
 25 142
103  74
 30  74
 57  58
 53 100
 32  66
 85  86
 43  96
 27  71
136 114
100  76
 78  78
 50  92
 39 107
 58  96
 37  86
 43  96
 54  90
 58  90
 63 112
 28  57
 50 135
 47  64
 57  49
 21 113
 56  91
 72 118
 95 142
 54  67
 40  55
 48  69
 60  88
 54 124
 59 114
 51  99
 41 118
 54  93
 61 100
 17  45
 42  83
 44  74
 28 104
 15 131
 84 101
 95  54
 62 121
 34  82
 39  61
 69  71
 46  69
 68  94
 10  63
 63 113
 86  83
 28 124
 71 106
 31 151
 39  65
 56  89
 33  83
 40  71
 68  94
 72  82
 43  65
 45  99
 75   9
 67  90
 37 109
 66 112
 52  80
 57  76
 37  67
 95  83
 44  83
 87 126
 60  79
 46  66
 18  80
 27 110
 17 123
 58  76
 90  96
 65  93
 44 114
 70  43
 56  83
 46 133
 13  64
 53 110
 81  76
 42 124
 50  34
 60  55
 15  65
  6  74
 15  40
 74 108
 83  76
 45  97
 66  55
 66  86
 67  52
 28  54
 54  86
 55  85
 44 109
101  92
104  87
 58  95
 35  96
 73 109
 51 100
 76  73
 20  95
 58  87
 42  71
 51  25
 47  81
 39  78
 18  52
 13 100
  9  88
 53 115
 62 108
 64  94
 26  61
 20  84
 64  80
 35 121
 34 112
 13  72
 38 101
 50 101
 41  74
 73  51
 56  72
 35 113
 50  47
 70  74
 33  89
 53  42
  5 102
 46 107
 64  92
 33 109
 65  72
  4 121
 93  97
 60  55
 59  51
 88  85
 62  97
 48  84
 59  78
 89 106
 69  90
 62  42
 31  89
 34  98
 59 114
 53 100
 74  83
 49  36
 56  72
 69  87
 59  76
 81  51
 29  99
 71 127
 37  97
 45  98
 37 103
 53  57
 33 100
 35  92
 19  78
 69  74
 56 120
 88 110
 67  98
 58  61
 31  77
 20 106
 44  64
 26  94
 51  56
 41  86
 36 100
 15 124
 37 113
 50  73
 34 124
 26  58
 21  93
 45 101
 51 135
 44 115
 43 120
 73 113
 76  91
 32  98
 49  68
 55  58
 60  81
 43 143
 33  71
 57  74
 74  94
 38  73
 29  81
 64  40
 45  87
 84  81
 29  49
 36  59
 81  43
 74  86
 39  91
 43  55
 34  74
 66  77
 35  57
 58  99
 29 100
 63  83
 76  80
 13 100
 69 106
 44  89
 69 102
 63  50
 37  69
 98 139
 37  63
 26 142
 63  70
 99  53
 32  92
 79  79
 17 103
 50 112
 32  73
 39 121
 62  48
 71  59
 47 127
 83  95
 52  77
 51 110
 59  41
 53  60
  6  44
 50  63
 67 111
 68  93
 59 109
 62 140
 10  82
 64 123
 59  67
 76  54
 14 119
 32  80
 67 111
 38  82
 25  78
 88  46
 70  58
 31 103
 65  98
 25  57
 42  92
 52  50
 28  92
 61  97
 67  88
  0  78
 49  76
 64  50
 43  85
 49  49
 69  89
 54  95
 59  86
 78 104
 16  55
 50  57
 67 103
 45 100
 65 134
 33  92
 25 105
 29  58
 35  76
 69  51
 60  97
 31  88
 62  62
 83  91
 69  80
 69 108
 43  95
 62  76
 79  64
 33  42
 48  74
 57  60
 86  70
 71 106
 61  71
 59  66
 40  87
 89  70
 22  50
 58  86
 88  79
 43  70
 52 127
 92  87
 53  70
 59  52
 73  60
 41  48
 25  75
 72  68
 84 122
 42 101
 94  63
 83  83
 53  90
 72  77
 37  66
 87 106
 30 100
 25  85
 67  66
 73  79
 71  45
 37 123
 31 105
 34  85
 49  91
 50  94
 62  87
 86 113
 59  89
 52  94
 20  98
 15  60
 52  84
 92 119
 64  79
 92 101
 57  49
 67  67
 35  72
 56 112
 64  23
 24 107
 26  54
110  74
 66  66
 67  72
 80  87
 40  91
 60 109
 65  86
 37  70
 28 126
 40  78
 72 101
 62  91
 51 113
 27  89
 74  82
 59 116
 59 116
 42  65
 90  45
 67  68
 74  35
 69 119
 35  97
 60  92
  2  47
 36  69
 47 112
 53  72
 69 114
 66  87
 56  96
 37  87
 32  70
 91  47
 41  85
 30  33
 49  74
 91  93
  9  63
 65  64
 32  70
 93  59
 68  60
 25  70
 85  90
 52  75
 82  66
 63  62
 66 125
 40 111
 49  84
 68 105
 55 102
 19 141
 52  70
 45  66
 34  84
 64  99
 64  64
 49  68
 78 114
 27  79
 58  77
 61  59
 66 112
 11  57
 63  79
 44 107
 42  83
 63  84
 49  83
 72 123
 62  67
 28  71
 82  88
 70  49
 66  60
 23  86
 81  61
 29  36
 61  46
 82  77
101 127
 56  53
 60  82
 30  88
 73  89
 64 105
 53  90
 38  46
 64 110
 49  41
 90  81
 71  62
 93  79
 60  62
 45  69
 28  98
 45 109
 28  87
 18 100
 18 102
 84  93
 73  71
 68  62
 56 132
 77  64
 72  64
 55  55
 21  92
 37  91
 43  82
 80  78
 66 138
 41  94
 69 114
 44  93
 57 125
 49  74
 54 140
 54 117
 60  50
 72  40
 16  86
 52  51
 52 117
 37  77
 55  64
 43  75
 63  73
  4  99
 47  77
 43  97
 47  65
 37  11
 89  79
 68  63
 48  85
 75  74
 64 104
 48  72
 14  64
 86  70
 65  44
 72  58
 64  59
 46  32
 15  88
 67  94
 43  95
 64  42
 51  95
 82  80
 60 104
 37  97
 72  57
 23  82
 42  70
 63  65
 63  67
 31 106
 46 109
 68  76
 88 110
 47  82
 67 119
 27 131
 63  65
 37  98
 25 101
 11  97
 60 101
 16  95
 77  65
 39 113
 13  69
 70  54
 44  69
 81  68
 11  52
 52  54
 13 114
 97  55
 35 117
 54 130
 33  87
 55 102
 62  70
 56  54
 47  81
 63  24
 45  76
111  92
 48 105
 87  59
 79  84
 39 124
 59 105
 84  79
 61  93
 30  64
 53 110
 66 120
 33 121
 12  76
 53 105
 42  60
 65 109
 45  92
  7  91
 50  85
 62  65
 41 122
 31 108
 40 103
 98  75
 64  78
 43  88
 29  73
 53  88
 36  59
 63  80
 86  66
 56  38
 30  88
 83  74
 19  86
 33  88
 74 116
 74  71
 53  95
 51  79
 69  49
 29  90
 49  83
 55  94
 30  94
 76 114
 16  97
 48  80
 81  83
 66  60
 37  65
 54  48
 41  71
 37 115
 19 113
 30 106
 55 138
 24  37
 49  49
 88  84
 53  50
 86  97
 28 136
 59 112
 66  43
 88  70
 60  58
 50  89
 10 114
 67  97
 59  96
 12  90
 95  54
 46 128
 34 112
 76  83
 84  81
 24 131
 39  91
 59 133
 13  84
 51  92
 32  63
 66  70
 61  33
 44  69
 15 102
 38  74
 27 102
 54 115
 56  90
 50  93
 77  55
 36  66
 45 133
 55  93
 43 139
 61 107
 35 105
 40 104
 37  52
 14  83
 72  67
  9 108
 42 107
 71  63
 46 100
 72  70
 57  80
 88  50
 33  76
 51  82
 80  43
 34  85
105 149
 24  68
 44  55
 48  35
 57  95
 77  68
 25  70
 24  65
 57 101
 63  97
 41  55
 56  75
 66  83
 99  70
 46 109
 63 130
 75  74
 51  42
 54  72
 27  42
 67 103
 25  75
 41  67
 48  92
 33  88
 47  81
 60  55
 24 103
 61  94
 16  30
 68  69
 41  49
 68 109
 36  77
 32  55
 67 115
 79  69
 27  74
 18  84
 67  97
 76  71
 96  62
158 180
164 182
177 176
155 167
195 135
199 148
134 155
191 155
196 173
189 187
148 140
178 179
175 125
185 156
206 152
215 165
188 161
182 198
174 146
178 155
237 162
185 136
221 161
201 188
200 184
165 133
169 194
185 172
168 163
215 151
106 137
171 183
199 151
194 212
184 154
190 145
226 138
231 161
175 163
164 161
167 154
173 177
191 182
168 169
229 141
201 182
210 160
189 156
158 156
219 181
155 178
162 146
161 176
209 210
181 184
189 182
123 155
178 191
203 193
171 134
189 151
194 184
200 142
155 157
168 170
215 191
164 204
200 193
197 167
176 150
234 168
199 154
209 160
179 195
202 171
147 157
167 185
190 159
225 199
203 144
203 144
158 196
176 176
155 168
162 133
178 187
204 206
186 194
200 192
187 160
200 163
159 206
185 158
213 180
170 160
175 172
208 148
183 185
217 149
181 157
132 204
213 170
151 146
144 224
182 187
177 213
155 146
177 161
174 150
197 176
204 180
169 180
229 176
163 129
179 172
198 177
198 173
197 190
179 139
176 190
186 166
153 155
187 140
200 145
213 165
182 148
189 131
131 164
202 150
156 171
144 193
177 153
210 168
175 183
180 175
177 173
132 223
211 199
142 144
152 158
197 167
192 156
207 199
215 161
147 131
216 160
217 164
181 156
179 120
185 166
181 206
159 178
155 157
152 193
221 203
188 153
205 183
178 162
146 213
154 152
202 176
189 151
183 159
203 167
157 162
194 159
175 182
161 179
176 152
165 187
186 185
183 154
184 152
192 184
153 121
189 178
217 181
179 185
186 133
157 164
157 149
187 168
163 168
203 185
201 177
187 177
202 167
177 171
175 164
147 173
167 183
210 208
185 155
197 142
184 193
169 157
156 139
161 165
201 192
172 212
170 198
168 185
188 125
177 197
168 131
145 160
196 135
214 198
146 184
155 176
202 165
181 144
136 153
195 162
181 169
164 187
143 141
194 160
154 209
170 176
149 194
199 129
170 130
161 172
142 110
192 200
201 154
194 136
189 170
189 183
123 160
140 202
222 130
186 201
195 187
219 185
168 182
169 186
160 152
201  94
179 189
186 186
182 164
151 156
194 144
202 188
165 165
189 167
177 214
206 166
190 119
213 183
171 146
136 190
177 165
135 163
196 147
210 200
183 169
169 211
177 149
197 172
188 150
172 156
161 135
186 157
137 189
249 175
195 175
162 165
207 148
191 169
187 145
210 141
198 187
185 177
180 195
152 189
181 172
180 191
177 153
206 183
200 129
175 185
193 152
203 178
166 192
167 171
166 162
165 222
174 153
168 167
146 152
192 135
192 179
170 152
213 159
190 164
216 185
200 164
193 183
204 193
169 154
157 151
156 180
167 149
238 167
208 161
154 180
229 192
186 168
183 157
122 155
169 166
146 186
242 192
171 230
180 196
187 157
179 171
154 156
161 202
160 175
159 181
166 191
149 169
188 190
206 171
194 158
215 143
172 201
155 163
210 141
192 174
229 173
191 114
171 166
208 186
199 166
170 157
225 177
112 169
194 188
187 156
209 239
163 187
204 232
212 159
175 183
196 200
214 181
199 181
204 152
155 156
191 143
137 171
171 180
123 173
193 159
169 211
159 154
168 196
165 158
226 106
196 113
138 165
181 134
175 182
166 177
224 174
199 163
156 197
145 131
213 187
164 126
178 152
134 127
203 157
164 167
188 125
217 133
171 164
184 173
169 159
225 212
158 194
197 162
136 145
182 144
188 152
174 147
191 141
179 180
148 151
205 158
169 166
185 168
160 195
201 159
205 176
185 161
189 196
194 201
167 215
198 174
165 159
171 176
177 141
141 168
175 191
209 188
132 177
175 157
188 158
176 140
186 172
184 170
173 182
196 152
211 170
159 167
180 165
187 176
211 155
167 180
138 198
194 138
194 171
226 184
193 151
177 203
187 122
216 149
188 147
214 180
188 145
181 152
189  98
206 147
177 166
152 208
149 137
155 160
168 199
179 188
205 138
178 181
139 130
213 182
160 179
177 181
154 157
170 157
188 185
150 158
204 186
190 214
200 166
207 153
182 175
215 132
173 193
196 140
148 165
203 188
183 153
159 174
219 178
165 177
182 166
187 162
172 179
135 194
205 178
160 132
184 139
186 157
160 144
162 184
158 169
189 176
187 160
208 152
220 149
179 169
180 199
168 154
173 167
161 181
182 136
188 185
146 131
188 198
142 170
220 191
165 171
173 198
132 169
202 171
184 154
151 154
180 182
208 143
157 198
162 162
164 172
169 184
157 179
177 155
186 170
186 170
169 152
205 157
195 192
163 152
187 187
164 186
179 143
178 210
203 152
154 192
180 175
146 126
189 163
183 159
196 167
212 197
155 149
196 162
212 191
183 179
174 185
187 183
202 147
168 176
177 175
119 130
233 188
186 153
158 209
223 160
177 173
169 189
166 149
179 191
131 144
186 142
175 160
193 136
186 148
195 182
218 190
179 191
191 196
217 154
175 181
218 167
181 158
202 146
164 152
142 143
167 176
139 135
187 185
205 191
213 154
184 187
196 148
167 145
166 168
163 204
196 159
182 164
202 136
189 190
181 152
159 166
178 169
148 191
197 190
170 152
164 159
157 159
163 153
174 166
138 162
188 181
155 183
200 162
170 193
199 152
180 210
195 190
149 153
206 203
186 157
184 164
173 173
191 162
164 153
187 190
175 165
187 177
167 161
158 135
155 176
185 159
129 161
181 150
228 169
175 151
173 199
194 141
155 168
166 183
135 157
206 149
187 147
161 197
193 155
204 155
203 204
181 179
211 157
213 166
205 192
155 162
168 218
212 163
176 162
223 168
164 180
174 140
201 185
168 159
184 202
187 129
147 168
199 144
210 149
209 174
164 151
182 156
173 161
188 137
173 185
186 174
149 129
206 198
176 158
218 153
167 199
200 153
164 185
170 138
176 161
192 139
189 216
171 183
175 214
169 161
134 186
157 157
183 194
170 125
162 160
238 164
165 125
180 220
159 178
170 145
199 136
169 140
218 162
178 127
102 165
207 185
161 177
119 186
159 157
166 191
193 195
183 174
185 186
197 166
156 128
171 122
192 167
194 164
174 201
200 154
172 162
157 161
186 165
192 163
182 217
190 172
199 213
178 182
165 163
151 172
146 146
219 145
174 189
161 143
182 160
154 182
187 200
180 199
176 169
138 148
197 125
206 181
148 163
135 178
194 156
174 172
203 204
215 183
186 128
211 168
135 162
191 199
182 166
192 187
204 187
141 139
199 148
153 179
195 143
216 156
130 160
218 145
169 168
153 171
224 155
145 154
172 209
174 157
181 188
170 201
166 211
180 161
146 174
184 171
149 130
166 162
154 111
169 140
195 146
166 169
197 153
161 194
168  94
193 194
195 126
202 191
174 152
148 144
208 116
192 152
125 181
181 166
184 123
174 156
187 179
176 115
206 171
186 188
174 167
186 175
166 204
179 143
151 193
170 153
188 191
188 155
155 172
187 139
247 161
231 161
182 131
181 150
150 152
221 175
162 100
222 161
206 158
190 183
172 189
184 169
210 190
164 130
173 200
191 132
161 162
191 138
198 174
151 152
174 176
170 157
160 176
161 161
142 183
140 145
165 178
204 159
170 153
169 146
172 143
170 173
150 153
165 163
147 163
191 185
150 165
195 138
172 165
189 180
148 174
184 181
179 194
148 168
172 140
175 137
189 179
174 161
187 164
171 183
176 141
173 169
194 178
193 184
161 185
190 188
173 181
174 150
166 221
178 183
176 206
181 169
194 126
180 161
194 201
173 168
163 157
158 145
145 159
231 147
173 188
170 172
202 141
188 160
200 193
160 180
151 211
170 133
203 134
196 143
176 137
179 125
148 141
181 199
208 180
157 168
166 153
181 120
167 186
183 157
177 199
158 126
186 190
181 201
168 183
134 184
173 213
167 206
161 140
151 114
194 168
199 161
206 186
169 119
218 144
178 195
164 212
192 182
199 177
182 170
203 158
184 149
215 153
172 163
197 188
162 191
188 164
172 161
169 166
182 153
179 216
218 207
149 142
140 197
177 178
160 146
176 173
191 178
215 148
194 149
160 185
198 107
150 149
181 223
145 174
193 173
191 194
210 150
184 158
173 156
219 143
170 193
156 153
210 130
168 178
187 187
181 135
214 226
171 153
177 183
158 200
218 163
181 177
204 190
138 146
176 206
153 164
185 200
142 170
214 129
210 147
177 168
224 147
146 158
204 150
195 188
161 144
184 175
176 142
187 123
199 179
190 137
144 178
203 193
161 188
186 183
174 171
188 164
183 184
179 165
168 172
195 165
222 171
169 183
182 177
153 191
194 179
125 199
179 195
203 201
143 153
120 172
165 164
135 177
169 147
198 149
169 209
175 198
182 173
190 177
145 189
190 198
183 150
179 170
181 177
162 141
161 155
180 149
148 179
130 175
166 203
224 153
168 187
150 164
180 156
158 150
157 152
174 151
186 172
170 197
169 168
179 164
175 199
219 181
169 173
186 161
163 157
187 156
141 115
182 162
161 195
149 134
117 154
190 172
196 163
208 204
150 203
194 156
199 171
152 194
176 181
163 177
234 157
195 199
154 180
 58 106
 74 129
 74  76
 82 131
 23 103
 62 149
 70 129
 69  73
 70  85
 45 122
 54  92
 22  98
 85 123
 55 113
 88  51
116 115
 75 147
 41 119
 60 125
 76  89
 95  93
 42 101
 94 115
 95 108
101 133
 91 107
110 102
 74 140
 69 129
 91  89
 63 124
 64 116
 74 105
 85  68
 70  79
101  86
 73  97
 88  90
 86 109
 72 133
 68 154
 59 106
 67 116
 62  96
 72 106
 44 124
 71  36
 92 143
 97  84
 81  99
 88 103
 75 131
 83 127
 73  90
 44 117
 59 108
 94 109
 91 133
 37 133
 64  76
 97 140
 77 114
 36 101
 63  88
 79 119
 65 158
 53 123
 53  69
 68 136
 82  90
 74 101
 86 112
 88 104
 82  80
 50 110
 64 132
 84  68
100 137
 97  84
 74  98
 82  84
 63 110
 70  94
104 145
 50  92
 36 140
 54 121
 79  88
 65  97
 64  97
 60  84
 48 100
 73  98
 86 103
 75 143
 61 115
 77 108
 50 104
 59  84
 66  72
  5 121
 54  85
 78 123
108  87
 68  98
 81  75
 65  87
 49  99
 56 104
 84  93
 77  51
 58 144
 74  61
 50  84
 50  86
 64 116
 55  88
 51 121
 64  96
 88 135
 80 104
106 105
 87  76
 93  82
 75 107
 76  55
 91 118
 69  83
 48 125
 78 126
 84 105
 94 112
 42 114
 73  84
 63  88
 89 116
 49  96
 78 119
 69 124
 58 163
 98 121
 71  86
 84 116
101  87
 57 117
 92 104
 76 133
 78  89
113 124
 60  80
 65  79
 58 124
 67  94
 62 105
 70  77
 62  89
 48 120
 97 125
 64 101
 63 100
 82 139
 77 102
 62 128
 57  72
 61  98
 46 134
 54 111
 53  85
 77 121
104  93
 29 137
100 125
 65 102
103 113
 71 112
 76 113
 83 105
 82  84
 66  61
 84  76
111 123
 69  65
 72 118
 48  95
111 106
 44  71
 60 106
 42 122
 69 150
 48  71
 68 124
 71 132
 71  56
 69 103
 89  94
100 112
 90  98
 89  69
 39 114
 76 100
 73 100
 58 125
 55  92
 74 134
 88  86
 38 108
 96 109
 56 109
 75  75
 93 131
 28  89
 64  86
108 115
 22 101
 33 109
 71 159
 61  99
 97 116
102 136
 77 130
 55  99
 69  75
 76  91
 62  89
 82 103
 41  74
110 130
 84  94
 63 116
 50 128
 75 125
106 105
 72 100
107  87
 51 110
 90 145
 62  82
 60 132
100 104
 41 151
 75 101
 55 102
 61  92
 88  95
 88  58
 38  69
 96  87
 82 129
 88 132
 98  60
123  80
 59 147
 91  85
 79  97
 66  76
 90 110
 86 112
 78 113
 91  76
 74 108
 78 132
 59 111
 65  97
 81 114
 86  84
 83  97
 66 124
 83  91
 50  99
 70 108
 40 130
 70 125
 74 120
 90  92
 50  83
 76 126
102  81
 84  98
 69  90
 58 123
 25 115
 67 109
 60  88
124 106
 98 105
 71 133
 82 123
 44 126
 89 103
 75  94
 59 107
 90 110
102  76
 51 115
 48  99
104  76
 56 100
 68 127
 96  64
 50  61
 45 124
 66  87
 51 112
 74  76
 80  82
 78 132
 76 116
 47 100
 53 114
 88 128
 91  99
 91  98
 91 112
 46  84
 56  54
 90  88
 72 112
 58  99
 65 122
 81  93
 97  98
 75 108
 86  73
 69 129
 97 114
 78 100
104  79
 62 103
 90 100
 51  99
 60  92
121  49
 66 113
 23 102
102  57
 61 116
 86 112
 70  72
 44 119
 68  82
 49 126
 88  92
 75  92
 86 150
 33  91
 64  90
 79 124
 75 114
 44  86
128 100
102 109
 69 131
 60  67
 30 127
117  91
 99 102
 74 101
 52 148
 91  80
 72 108
 59 113
111 106
 66  73
 56  90
 85 107
 77 147
 80 134
 92  85
 62  94
 69  88
 82 111
 76 107
113 102
 81 100
 60 103
104  98
 52 134
 95  77
 59 117
 71 102
 81  61
 64  98
 75 105
 76 117
 75  71
 94 119
 71 113
 52  79
 53 106
 75  78
 58 113
118 111
 89 111
 81  95
 37  99
 76 110
 71 123
 68  72
101 114
 89  83
 83 103
 84 111
 54  65
 50 118
 93 107
 30 103
 63 121
 43  99
 83 119
103 116
 59 139
 88  99
 61 104
 78 114
 64  57
 85  96
 64 121
 48 120
115  92
 68 107
 72 104
 98  92
 69 115
 76  95
 64  89
 86 101
 93  74
122  94
 60 102
108 100
 70  65
 65 121
 85 117
107  45
 45  87
 70 110
 87 120
 66 116
 58 108
 70  84
 52  74
 89  96
 55  98
 83  97
 75 129
 70 119
 71  70
 61 112
 55 133
 61  77
 94 123
 96 118
108 133
 89  94
 47 123
 94  69
 35 147
 67  80
 81 137
 21 112
100  74
 67 138
 79 136
 74 105
 73  76
 49  91
 89 131
 89  79
 74  92
 75  69
 85 121
 45  99
 70 125
 67  74
 93 123
 68  76
 44 118
 71  99
 89 104
 95 111
 66 100
 99 100
 89 102
 95 110
 56 111
 76  82
105  99
 82 135
 72 101
 80 120
 52  97
 73 146
 71 102
 67 105
 60 118
121  99
 71  74
 88 116
 73 113
103 104
 93  52
101  90
 80  77
 37  76
114 120
 69 114
 92  73
 27 111
 92 110
 52  86
 58  95
 91 102
 66  76
 38 145
 90 110
 87  97
 93 101
 61  92
 80  97
 49 114
 93 108
 58 102
 46 102
 87 101
 66 114
 80  93
 39 104
 76  90
 80  86
 56  79
 69 100
114  70
 61 137
 59 118
 56  56
 58 118
 67 104
 62 110
 90 109
105  94
117 103
 83  72
 87  96
 86 110
 71 106
 75 123
 69 115
 57 102
 77 101
 59 110
111  80
 43 106
 78  53
112 111
 45 109
 53  65
 84 105
 77 131
 91 122
 36 112
133 108
 79  86
 62  70
 89 123
 33 124
 59 128
 86 133
 99  68
 83 119
 56 106
 47  84
 56 123
 68  75
 50 146
 46 142
 68  75
 77  89
 87 106
 81 115
 59 104
 66 113
 72  95
 37 124
 66 116
 56  85
 82 135
 98 152
106  98
 69  75
 74 126
106  95
 67 108
 66  98
 62 129
 90  89
 91  91
 54  91
 83 117
 77 111
 77 102
 74 122
 90  81
108 155
 46 107
 68 110
 59  97
 78  83
 80 161
 85 110
 61  94
 62  87
102 134
151 115
 82  99
 91 107
 77  88
 58 100
 82 119
127  72
 84  88
 78 114
 39  91
 74  88
 91  92
 50  96
103 105
 41  99
 78  57
 73 113
102 128
 56 118
129 132
 93  58
 62 109
108  71
 68 137
 64  84
 46 102
114  92
 75 118
105 103
 88 106
 76  91
 95  81
 85  94
 70  69
 76  92
 73 101
112  81
110  74
 73  88
 86  95
 46  96
 69 123
108  91
 72 128
 41 132
 92  80
 82 114
 95 103
 77  96
102  83
115  90
 53 121
 53 150
 66 100
 72 133
 48 123
 63  99
 48  92
 77  79
 80 109
 38 112
118 124
 59 114
 68 111
 90  84
 42 114
 42 119
 97 141
 55  97
 63 101
103  67
 64 113
 88 112
 76  99
 70 104
 59  90
 81  93
 63 146
 35  99
 94  89
 51 106
 87  78
 77 123
 88 107
 60 112
 92 119
 40  74
 38 137
106  95
 19 110
103 124
 75 117
 63  98
 59 116
108 131
 81 118
 75  93
 62 138
 53 129
 81  65
 57 106
 72 138
 49  93
 61  76
 71  55
 92 139
 60  83
 97  95
 73 103
 98 132
 60 122
102 132
 70  48
 82  99
 59  93
 76  77
 46 116
 85  57
 82 103
 32  88
 84 106
 72 110
 88 134
 95 109
 88 117
 85  92
 55 111
 96 130
 81  98
 77 100
 92  83
 77  56
 86 126
 68 165
 74 126
 67 114
100 131
 57 133
 97  74
 69 123
 83 127
 70  94
 33 104
 96 123
 84  65
 77 134
 56 104
 89 123
 83 123
 55 113
 87  97
 54  82
 86  74
 64  96
 83  70
 93 123
 60 102
 78 137
 92 124
 71 133
 19 121
 85  75
 98  77
 48 105
 95  97
 79 120
 50  97
 75  94
 54  81
 75 160
 44 125
 77  85
 66 104
 64 105
 72 103
 82  84
 38 136
 70  96
 79 110
 61  71
 64  78
 74  92
 67 106
 46 117
 97  65
 76 103
 69 121
 86  94
 80  80
 57  99
 52  77
 96 117
 93 121
105 103
 89 104
 81  91
 99 107
 52 100
 66  88
 56 154
 94 114
 58 113
105  61
 71 105
 54 107
 56  98
 56 111
 48 120
 49  79
 57  97
 74 129
100  77
 41 102
 81  55
 42  70
 80  88
 97  74
 73 129
 92 123
 84 113
 65 108
 73 117
 63  92
 67 123
 85 127
 56  81
 83 102
105 122
 51 139
 39 124
122 129
 94 138
 76 139
 50  70
 32  70
 73  95
 61  78
 72  81
115 102
 96  93
 33  89
 92  81
 54  93
 73 113
 95 132
 73 145
 50 118
 62  76
 56 118
 72  99
105  56
 77  67
 93  96
 49 109
 81  55
 96  94
106  94
 63  87
 80  81
 91 102
 61 110
 68  64
 77 125
 88  80
 53 119
 89 119
 59 121
 79 103
 70 112
 68 113
 68 105
110  90
 69  75
 87  98
 73  97
 83  80
111  64
 87 109
 46  60
 78  96
 51  60
 92 115
 63 114
 48  55
 93  87
 56 113
 90 131
117 105
 73  90
 62  95
 62 116
126  90
 91 100
 72 132
 71  97
 75  84
 82 102
 55  91
 87  92
 60 118
 60 112
 41 141
 69 133
 66 113
 68 134
 56 102
 81 109
 90 114
 62  71
 75 104
 87 132
 59  86
 63  77
 77  94
 89 103
 65 118
 53 152
 72  76
 71 144
 51  98
 53 105
 56 136
 69 134
 38 108
 85 119
 68  92
 47 104
116 122
 68 127
 77 111
 67 125
 93  99
 85  92
 67 162
 67 108
 46 102
 71 124
 30  75
 84  98
 83 119
117  95
 71  87
118  79
 90  76
 45 127
 71 144
 50 111
 81  95
108 147
 72  99
 79 100
 85 142
105 108
109 134
 77  94
107 100
 78  87
 83  92
 65  96
 69 109
101  81
 68  82
 62 102
 66 137
 83 146
 91  71
105  94
 56 135
 64  75
 62 106
 58 113
106 184
 68 143
 84  94
108 131
 61  89
 78 130
 79  89
 91  97
 91  74
 75  85
103  93
105 129
 54 107
 60  79
 59 130
 64 100
 62 142
 49  85
 90  93
 61  97
 73  94
 78  94
129 130
 58  84
 62 111
 76  60
 75  75
 71 119
103  93
 71 105
 57 104
 89 117
 93  93
 87  89
 85 134
 70 103
 74  74
 44 103
 87  74
 68  92
 78  42
